transcript_0_support_7_7_not_tested_7__3	BPY2B|ENST00000615850	100.000	54	0	0	1	54	53	106	8.86e-36	109
transcript_0_support_3_4_1.0726722807905441e-05_8_(D_915_18)_3	DAZ3|ENST00000446723	100.000	64	0	0	1	64	223	286	5.53e-38	123
transcript_0_support_3_4_1.0726722807905441e-05_8_(D_915_18)_3	DAZ3|ENST00000446723	96.875	64	2	0	1	64	271	334	1.68e-36	119
transcript_0_support_3_4_1.0726722807905441e-05_8_(D_915_18)_3	DAZ3|ENST00000446723	85.938	64	9	0	1	64	247	310	8.86e-32	107
transcript_0_support_3_4_1.0726722807905441e-05_8_(D_915_18)_3	DAZ3|ENST00000446723	84.615	65	10	0	1	65	295	359	3.01e-31	105
transcript_0_support_3_4_1.0726722807905441e-05_8_(D_915_18)_3	DAZ3|ENST00000446723	85.714	63	9	0	2	64	200	262	5.48e-31	104
transcript_0_support_8_8_not_tested_8__9	BPY2B|ENST00000615850	67.500	80	10	1	20	83	27	106	4.49e-31	99.4
transcript_0_support_8_8_not_tested_8__19	PRYP3|ENST00000343584	100.000	86	0	0	1	86	62	147	2.03e-62	179
transcript_0_support_3_3_not_tested_3__47	CDY1B|ENST00000382407	79.775	89	18	0	3	91	361	449	3.96e-49	156
transcript_0_support_3_3_not_tested_3__29	CDY1B|ENST00000382407	71.134	97	27	1	2	97	130	226	2.54e-41	136
transcript_0_support_3_3_not_tested_3__41	CDY1B|ENST00000382407	77.064	109	25	0	1	109	253	361	4.36e-56	176
transcript_0_support_5_7_not_tested_7__26	XKRY|AF000997.1	100.000	104	0	0	8	111	1	104	6.29e-73	208
transcript_0_support_3_3_not_tested_3__12	HSFY2|ENST00000344884	98.901	91	1	0	7	97	82	172	7.81e-63	184
transcript_0_support_11_11_not_tested_11__28	RBMY1F|ENST00000454978	100.000	91	0	0	25	115	361	451	7.48e-62	191
transcript_0_support_3_3_not_tested_3__22	CDY1B|ENST00000382407	64.486	107	36	2	15	119	1	107	5.66e-39	132
transcript_10_support_17_17_not_tested_17__2	DAZ4|ENST00000415508	100.000	59	0	0	1	59	308	366	9.63e-41	129
transcript_10_support_3_8_6.65682656294309e-30_11_(S_1119_1)_6	HSFY2|ENST00000344884	100.000	49	0	0	8	56	1	49	1.98e-32	104
transcript_10_support_4_4_not_tested_4__16	XKRY|AF000997.1	94.915	59	3	0	15	73	101	159	2.44e-39	121
transcript_10_support_10_13_not_tested_13__31	PRY2|ENST00000472391	100.000	71	0	0	15	85	1	71	1.55e-50	147
transcript_10_support_10_13_not_tested_13__39	PRYP3|ENST00000343584	100.000	85	0	0	1	85	63	147	1.14e-61	177
transcript_10_support_3_5_not_tested_5__23	HSFY2|ENST00000304790	77.778	72	16	0	1	72	137	208	3.60e-35	117
transcript_10_support_3_3_not_tested_3__43	CDY1B|ENST00000382407	79.775	89	18	0	3	91	361	449	3.96e-49	156
transcript_10_support_3_3_not_tested_3__25	CDY1B|ENST00000382407	71.134	97	27	1	2	97	130	226	2.54e-41	136
transcript_10_support_3_3_not_tested_3__37	CDY1B|ENST00000382407	77.982	109	24	0	1	109	253	361	3.38e-57	179
transcript_10_support_4_4_not_tested_4__13	XKRY|AF000997.1	100.000	104	0	0	8	111	1	104	6.29e-73	208
transcript_10_support_3_3_not_tested_3__17	CDY1B|ENST00000382407	66.923	130	41	2	15	142	1	130	2.44e-51	164
transcript_10_support_17_17_not_tested_17__10	PRYP3|ENST00000343584	100.000	147	0	0	15	161	1	147	4.91e-110	303
transcript_10_support_4_4_not_tested_4__16	HSFY2|ENST00000344884	99.425	174	1	0	8	181	1	174	1.78e-128	354
transcript_10_support_3_8_6.65682656294309e-30_11_(S_1119_1)_27	HSFY2|ENST00000304790	100.000	320	0	0	7	326	82	401	0.0	664
transcript_100_support_2_2_1.077350883082829e-08_8_(S_131_1)_3	TSPY4|ENST00000383008	98.077	52	1	0	1	52	249	300	2.73e-37	119
transcript_100_support_2_2_2.6530542298828956e-07_27_(S_37_1)_4	PRYP3|ENST00000343584	98.507	67	1	0	1	67	81	147	1.83e-45	136
transcript_100_support_11_10_3.71243033543597e-139_22_(D_2_1);(D_3_1);(S_32_1);(S_40_1);(S_75_1);(I_891_4);(S_2138_1)_3	DAZ4|ENST00000415508	100.000	83	0	0	1	83	284	366	8.11e-58	175
transcript_100_support_2_2_0.0003400012154638498_309_(S_471_1)_6	VCY1B|ENST00000250823	100.000	125	0	0	22	146	1	125	2.49e-82	232
transcript_100_support_3_3_6.6478023048662176e-09_97_(D_270_5);(D_759_2)_7	VCY1B|ENST00000250823	92.241	116	9	0	22	137	1	116	1.00e-61	183
transcript_101_support_2_4_1.0137278718517823e-17_29_(S_338_1)_3	TSPY4|ENST00000383008	100.000	52	0	0	1	52	249	300	1.20e-37	120
transcript_101_support_13_13_not_tested_13__17	PRY2|ENST00000472391	100.000	62	0	0	15	76	1	62	7.89e-43	127
transcript_101_support_13_13_not_tested_13__27	PRYP3|ENST00000343584	100.000	85	0	0	1	85	63	147	1.14e-61	177
transcript_101_support_26_28_3.4874498687987636e-204_41_(S_1253_1);(D_2210_1)_4	DAZ4|ENST00000415508	100.000	107	0	0	1	107	260	366	7.76e-75	219
transcript_101_support_26_28_3.4874498687987636e-204_41_(S_1253_1);(D_2210_1)_4	DAZ4|ENST00000415508	80.247	81	16	0	1	81	188	268	1.12e-36	121
transcript_102_support_8_14_0.0_14__11	DAZ4|ENST00000415508	79.487	117	24	0	1	117	80	196	4.54e-49	158
transcript_103_support_2_2_7.422699688527838e-08_4_(D_1290_4)_110	PRYP3|ENST00000343584	100.000	86	0	0	21	106	62	147	2.16e-62	181
transcript_103_support_2_2_0.00017441844640186382_308_(S_281_1)_6	VCY1B|ENST00000250823	100.000	125	0	0	22	146	1	125	2.49e-82	232
transcript_103_support_58_162_0.0_169_(D_188_5)_7	VCY1B|ENST00000250823	93.103	116	8	0	22	137	1	116	4.91e-63	184
transcript_104_support_3_4_2.0040405064122252e-13_10_(S_419_1)_6	TSPY2|ENST00000429039	100.000	96	0	0	1	96	126	221	9.35e-72	206
transcript_104_support_3_2_7.422699688527838e-08_4_(I_1290_4)_110	PRYP3|ENST00000343584	100.000	86	0	0	21	106	62	147	2.16e-62	181
transcript_104_support_5_4_7.304752355765454e-15_6_(D_415_2)_6	VCY1B|ENST00000250823	93.966	116	7	0	5	120	1	116	2.15e-63	187
transcript_104_support_15_17_not_tested_17__9	DAZ2|ENST00000382449	100.000	281	0	0	1	281	254	534	0.0	531
transcript_104_support_15_17_not_tested_17__9	DAZ2|ENST00000382449	87.402	254	32	0	2	255	183	436	2.25e-139	397
transcript_104_support_15_17_not_tested_17__9	DAZ2|ENST00000382449	84.211	247	39	0	9	255	166	412	9.37e-129	370
transcript_106_support_2_2_0.00353793049404454_308_(S_207_1)_6	VCY1B|ENST00000250823	99.200	125	1	0	22	146	1	125	5.67e-81	228
transcript_106_support_4_5_7.733236971421218e-10_123_(S_525_1)_7	VCY1B|ENST00000250823	93.103	116	8	0	22	137	1	116	4.91e-63	184
transcript_106_support_3_3_7.291494824889298e-11_20_(S_1248_1)_9	DAZ2|ENST00000382449	100.000	281	0	0	1	281	254	534	0.0	531
transcript_106_support_3_3_7.291494824889298e-11_20_(S_1248_1)_9	DAZ2|ENST00000382449	87.402	254	32	0	2	255	183	436	2.25e-139	397
transcript_106_support_3_3_7.291494824889298e-11_20_(S_1248_1)_9	DAZ2|ENST00000382449	84.211	247	39	0	9	255	166	412	9.37e-129	370
transcript_108_support_11_11_not_tested_11__5	TSPY9P|ENST00000440215	98.000	50	1	0	21	70	232	281	2.77e-34	112
transcript_108_support_3_2_1.1691932696686862e-14_5_(D_62_11);(S_992_1);(I_1051_1)_17	BPY2B|ENST00000615850	100.000	106	0	0	7	112	1	106	2.07e-77	217
transcript_108_support_2_3_1.1576370153147905e-06_306_(S_163_1)_6	VCY1B|ENST00000250823	99.200	125	1	0	22	146	1	125	6.25e-82	231
transcript_108_support_5_7_2.3778891587250016e-181_9_(S_39_1);(D_152_1);(I_154_2);(S_411_1);(I_458_2);(D_460_1)_2	VCY1B|ENST00000250823	94.915	59	3	0	1	59	58	116	2.71e-34	110
transcript_108_support_12_12_not_tested_12__4	DAZ4|ENST00000382314	100.000	233	0	0	1	233	371	603	6.02e-161	452
transcript_109_support_3_10_0.0_10__2	VCY1B|ENST00000250823	98.305	59	1	0	1	59	58	116	1.63e-35	114
transcript_11_support_4_4_not_tested_4__2	DAZ4|ENST00000415508	100.000	59	0	0	1	59	308	366	9.63e-41	129
transcript_11_support_4_4_not_tested_4__11	PRY2|ENST00000472391	100.000	71	0	0	15	85	1	71	1.55e-50	147
transcript_11_support_4_4_not_tested_4__19	PRYP3|ENST00000343584	100.000	85	0	0	1	85	63	147	1.14e-61	177
transcript_11_support_3_6_4.08672855920257e-29_13_(S_115_1)_4	VCY1B|ENST00000250823	93.750	80	5	0	1	80	37	116	4.03e-48	146
transcript_11_support_3_3_not_tested_3__9	DAZ4|ENST00000415508	77.551	98	22	0	1	98	99	196	1.68e-36	124
transcript_11_support_3_3_0.00015744555775203621_32_(S_616_1)_45	CDY1B|ENST00000382407	99.815	540	1	0	76	615	1	540	0.0	1127
transcript_110_support_3_3_not_tested_3__7	RBMY1E|ENST00000382658	100.000	99	0	0	25	123	361	459	3.19e-68	206
transcript_110_support_6_11_1.6943760637577894e-49_23_(S_100_1)_4	VCY1B|ENST00000250823	93.421	76	5	0	2	77	41	116	1.52e-45	140
transcript_111_support_2_2_3.1633419821494537e-07_9_(S_1007_1)_71	PRYP3|ENST00000343584	100.000	86	0	0	21	106	62	147	2.16e-62	181
transcript_112_support_3_7_2.109423967718706e-25_9_(S_1007_1)_71	PRYP3|ENST00000343584	100.000	86	0	0	21	106	62	147	2.16e-62	181
transcript_112_support_2_5_6.42446867258799e-27_122_(S_32_1);(S_212_1)_7	VCY1B|ENST00000250823	93.103	116	8	0	22	137	1	116	4.91e-63	184
transcript_112_support_3_3_not_tested_3__14	DAZ4|ENST00000415508	81.646	158	29	0	1	158	39	196	3.33e-76	229
transcript_112_support_14_14_not_tested_14__6	DAZ4|ENST00000382314	100.000	282	0	0	1	282	322	603	0.0	550
transcript_113_support_3_2_6.430402089244434e-38_6_(S_777_1);(S_986_1);(S_1239_1);(S_1808_1)_113	PRYP3|ENST00000343584	100.000	86	0	0	21	106	62	147	2.16e-62	181
transcript_113_support_11_11_not_tested_11__2	DAZ3|ENST00000446723	100.000	123	0	0	1	123	268	390	1.99e-85	248
transcript_113_support_11_11_not_tested_11__2	DAZ3|ENST00000446723	81.443	97	18	0	1	97	196	292	1.10e-45	146
transcript_113_support_11_11_not_tested_11__2	DAZ3|ENST00000446723	75.258	97	24	0	1	97	172	268	1.44e-40	132
transcript_113_support_2_3_not_tested_3__6	VCY1B|ENST00000250823	93.600	125	0	1	21	137	1	125	2.56e-74	211
transcript_114_support_6_6_not_tested_6__5	DAZ4|ENST00000415508	100.000	79	0	0	6	84	288	366	9.08e-55	167
transcript_114_support_5_5_not_tested_5__19	DAZ4|ENST00000415508	82.653	196	34	0	80	275	1	196	1.28e-92	276
transcript_116_support_23_41_1.0649506452974407e-110_44_(D_549_1)_5	RBMY1B|ENST00000619219	100.000	85	0	0	1	85	375	459	2.64e-57	176
transcript_117_support_3_2_1.650271356592484e-07_4_(D_62_12);(S_993_1)_17	BPY2B|ENST00000615850	100.000	106	0	0	7	112	1	106	2.07e-77	217
transcript_117_support_3_4_7.878548422617616e-18_6_(S_450_1)_7	VCY1B|ENST00000250823	93.966	116	7	0	19	134	1	116	2.71e-63	185
transcript_119_support_5_6_2.7930086035282545e-26_8_(S_32_1)_5	TSPY2|ENST00000320701	100.000	74	0	0	1	74	235	308	8.02e-55	165
transcript_119_support_3_2_3.55755822525411e-10_4_(I_62_12);(S_992_1)_17	BPY2B|ENST00000615850	100.000	106	0	0	7	112	1	106	2.07e-77	217
transcript_119_support_3_4_5.609965479487387e-16_10_(S_62_1)_9	VCY1B|ENST00000250823	93.966	116	7	0	42	157	1	116	7.82e-63	187
transcript_12_support_2_2_1.7588868056611816e-05_66_(S_34_1)_27	PRYP3|ENST00000343584	100.000	147	0	0	15	161	1	147	4.91e-110	303
transcript_12_support_7_21_not_tested_21__19	DAZ4|ENST00000415508	82.653	196	34	0	80	275	1	196	1.28e-92	276
transcript_12_support_5_9_7.658822428986636e-24_20_(S_75_1)_45	CDY2B|ENST00000382867	100.000	541	0	0	83	623	1	541	0.0	1131
transcript_120_support_4_6_not_tested_6__9	HSFY2|ENST00000344884	100.000	49	0	0	8	56	1	49	1.98e-32	104
transcript_120_support_6_6_not_tested_6__6	PRYP3|ENST00000343584	100.000	85	0	0	1	85	63	147	1.14e-61	177
transcript_120_support_5_5_not_tested_5__77	PRYP3|ENST00000343584	100.000	86	0	0	21	106	62	147	2.16e-62	181
transcript_120_support_4_6_not_tested_6__17	HSFY2|ENST00000344884	98.901	91	1	0	7	97	82	172	7.81e-63	184
transcript_121_support_5_5_not_tested_5__7	RBMY1B|ENST00000619219	100.000	128	0	0	1	128	332	459	1.56e-89	261
transcript_122_support_7_12_not_tested_12__15	BPY2B|ENST00000615850	100.000	106	0	0	7	112	1	106	2.07e-77	217
transcript_122_support_6_8_4.1807875101629604e-24_14_(S_30_1)_8	VCY1B|ENST00000250823	93.966	116	7	0	27	142	1	116	5.44e-63	186
transcript_123_support_2_2_9.930574957512644e-09_8_(S_32_1)_5	TSPY2|ENST00000320701	98.649	74	1	0	1	74	235	308	3.35e-54	163
transcript_123_support_8_8_1.0657271939830649e-70_12_(S_462_1);(S_671_1)_39	PRYP3|ENST00000343584	100.000	86	0	0	21	106	62	147	2.16e-62	181
transcript_123_support_2_6_4.359656073377466e-20_14_(S_14_1)_8	VCY1B|ENST00000250823	93.966	116	7	0	33	148	1	116	7.63e-63	186
transcript_124_support_2_3_6.672784490255706e-19_5_(I_721_1)_15	BPY2B|ENST00000615850	95.294	85	4	0	11	95	22	106	3.90e-55	160
transcript_128_support_7_25_0.0_25__18	DAZ4|ENST00000415508	82.653	196	34	0	80	275	1	196	1.28e-92	276
transcript_128_support_2_2_1.6444926344401983e-11_14_(D_1383_6);(I_1442_1)_32	HSFY2|ENST00000304790	100.000	401	0	0	8	408	1	401	0.0	832
transcript_129_support_3_64_not_tested_64__32	HSFY2|ENST00000304790	100.000	401	0	0	8	408	1	401	0.0	832
transcript_13_support_4_6_not_tested_6__20	BPY2B|ENST00000615850	95.294	85	4	0	11	95	22	106	3.90e-55	160
transcript_13_support_2_4_1.2908833158544557e-16_7_(S_757_1);(S_966_1)_45	PRYP3|ENST00000343584	100.000	86	0	0	21	106	62	147	2.16e-62	181
transcript_13_support_3_3_not_tested_3__32	CDY2B|ENST00000382867	99.057	106	1	0	8	113	436	541	7.58e-69	209
transcript_13_support_3_2_2.4400712899256497e-29_20_(I_82_1);(S_150_1);(S_159_1)_8	VCY1B|ENST00000250823	96.396	111	4	0	14	124	15	125	8.92e-63	181
transcript_13_support_3_3_not_tested_3__26	CDY2B|ENST00000382867	100.000	260	0	0	83	342	1	260	0.0	545
transcript_130_support_3_5_not_tested_5__10	VCY1B|ENST00000250823	97.101	69	2	0	47	115	48	116	6.22e-41	127
transcript_131_support_3_3_not_tested_3__27	BPY2B|ENST00000615850	95.294	85	4	0	11	95	22	106	3.90e-55	160
transcript_131_support_3_3_not_tested_3__74	PRYP3|ENST00000343584	100.000	86	0	0	21	106	62	147	2.16e-62	181
transcript_131_support_3_3_not_tested_3__7	VCY1B|ENST00000250823	93.966	116	7	0	11	126	1	116	2.26e-63	184
transcript_132_support_3_1_1.4211713619266777e-05_7_(I_1373_8);(S_1397_1);(I_2731_8)_18	DAZ4|ENST00000415508	82.653	196	34	0	80	275	1	196	1.28e-92	276
transcript_133_support_8_21_not_tested_21__5	VCY1B|ENST00000250823	100.000	107	0	0	1	107	19	125	1.64e-70	200
transcript_135_support_3_5_7.34368073354787e-18_8_(S_1119_1)_27	HSFY2|ENST00000304790	100.000	320	0	0	7	326	82	401	0.0	664
transcript_136_support_3_6_not_tested_6__16	BPY2B|ENST00000615850	100.000	106	0	0	7	112	1	106	2.07e-77	217
transcript_136_support_3_5_not_tested_5__29	HSFY2|ENST00000304790	100.000	397	0	0	1	397	5	401	0.0	823
transcript_137_support_3_3_not_tested_3__20	BPY2B|ENST00000615850	95.294	85	4	0	11	95	22	106	3.90e-55	160
transcript_137_support_3_4_not_tested_4__111	PRYP3|ENST00000343584	100.000	86	0	0	21	106	62	147	2.16e-62	181
transcript_138_support_2_2_4.8197165480869e-07_140_(S_316_1);(I_421_3)_6	VCY1B|ENST00000250823	99.200	125	1	0	10	134	1	125	8.21e-82	230
transcript_14_support_2_6_not_tested_6__42	CDY1B|ENST00000382407	79.775	89	18	0	3	91	361	449	3.96e-49	156
transcript_14_support_2_6_not_tested_6__24	CDY1B|ENST00000382407	71.134	97	27	1	2	97	130	226	2.54e-41	136
transcript_14_support_2_6_not_tested_6__36	CDY1B|ENST00000382407	77.982	109	24	0	1	109	253	361	3.38e-57	179
transcript_14_support_3_3_not_tested_3__7	RBMY1B|ENST00000619219	100.000	137	0	0	1	137	323	459	9.70e-96	277
transcript_14_support_2_6_not_tested_6__16	CDY1B|ENST00000382407	66.923	130	41	2	15	142	1	130	2.44e-51	164
transcript_14_support_2_4_7.602736091483504e-11_67_(S_164_1)_27	PRYP3|ENST00000343584	100.000	147	0	0	15	161	1	147	4.91e-110	303
transcript_14_support_5_10_3.0834365958725754e-43_15_(S_294_1)_5	VCY1B|ENST00000250823	95.294	85	4	0	2	86	32	116	3.70e-52	157
transcript_14_support_5_5_not_tested_5__17	XKRY|AF000997.1	48.052	154	71	4	13	163	12	159	1.68e-31	108
transcript_142_support_2_2_1.8696003519715465e-09_10_(I_1240_1)_16	BPY2B|ENST00000615850	100.000	106	0	0	7	112	1	106	2.07e-77	217
transcript_144_support_4_3_6.894127824491683e-05_7_(D_1250_9)_103	PRYP3|ENST00000343584	100.000	84	0	0	21	104	62	145	1.25e-60	176
transcript_144_support_5_8_8.579960299677846e-32_10_(D_1246_1)_16	BPY2B|ENST00000615850	100.000	106	0	0	7	112	1	106	2.07e-77	217
transcript_145_support_4_4_1.7415226925632293e-77_6_(S_385_1);(S_594_1);(S_847_1);(S_1416_1)_103	PRYP3|ENST00000343584	100.000	85	0	0	21	105	62	146	1.86e-61	178
transcript_145_support_3_3_not_tested_3__15	BPY2B|ENST00000615850	100.000	106	0	0	7	112	1	106	2.07e-77	217
transcript_146_support_2_3_2.8662759953138267e-09_15_(S_168_1)_5	BPY2B|ENST00000615850	98.889	90	1	0	1	90	17	106	9.52e-64	182
transcript_146_support_4_4_2.05354571169884e-09_7_(I_1247_9)_103	PRYP3|ENST00000343584	100.000	85	0	0	21	105	62	146	1.86e-61	178
transcript_147_support_13_12_2.870476911382433e-39_15_(S_168_1)_5	BPY2B|ENST00000615850	100.000	90	0	0	1	90	17	106	3.01e-64	183
transcript_147_support_5_4_7.41129729288541e-27_7_(S_539_1);(S_748_1)_41	PRYP3|ENST00000343584	100.000	86	0	0	21	106	62	147	2.16e-62	181
transcript_148_support_3_6_not_tested_6__8	BPY2B|ENST00000615850	100.000	106	0	0	7	112	1	106	2.07e-77	217
transcript_15_support_3_3_1.0250377958886691e-16_7_(S_757_1);(S_966_1)_45	PRYP3|ENST00000343584	100.000	86	0	0	21	106	62	147	2.16e-62	181
transcript_15_support_13_30_2.451132256754175e-79_35_(S_74_1)_8	VCY1B|ENST00000250823	95.200	125	6	0	12	136	1	125	9.93e-71	202
transcript_15_support_4_3_2.2949433349777794e-40_7_(S_163_1);(S_201_1);(S_471_1);(D_732_1)_7	RBMY1E|ENST00000382658	100.000	145	0	0	1	145	315	459	1.68e-101	292
transcript_15_support_3_3_not_tested_3__6	VCY1B|ENST00000250823	91.566	83	7	0	30	112	34	116	8.35e-49	149
transcript_15_support_2_4_6.387885568167505e-14_6_(S_1206_1)_17	DAZ4|ENST00000415508	82.653	196	34	0	74	269	1	196	1.22e-92	276
transcript_150_support_3_3_not_tested_3__13	BPY2B|ENST00000615850	95.294	85	4	0	11	95	22	106	3.90e-55	160
transcript_151_support_11_11_not_tested_11__3	BPY2B|ENST00000615850	100.000	60	0	0	1	60	47	106	5.80e-40	120
transcript_151_support_3_8_0.0_8__46	PRYP3|ENST00000343584	100.000	86	0	0	21	106	62	147	2.16e-62	181
transcript_153_support_2_4_3.825143047604254e-07_8_(D_1310_9)_106	PRYP3|ENST00000343584	100.000	86	0	0	21	106	62	147	2.16e-62	181
transcript_154_support_6_3_3.4705132949763704e-06_6_(D_1189_7);(I_1303_9)_106	PRYP3|ENST00000343584	100.000	86	0	0	21	106	62	147	2.16e-62	181
transcript_156_support_7_15_1.3611165479393663e-64_29_(S_299_1)_5	VCY1B|ENST00000250823	95.294	85	4	0	7	91	32	116	4.78e-52	157
transcript_159_support_3_2_0.00014532408447824727_7_(I_584_3)_6	TSPY9P|ENST00000440215	99.000	100	1	0	1	100	182	281	4.94e-74	216
transcript_16_support_3_3_not_tested_3__34	PRY2|ENST00000472391	100.000	62	0	0	15	76	1	62	7.89e-43	127
transcript_16_support_3_3_not_tested_3__41	PRYP3|ENST00000343584	97.727	88	2	0	11	98	60	147	1.23e-61	178
transcript_16_support_3_1_2.5623974248594168e-05_9_(D_12_2);(D_18_1);(D_19_1);(D_20_1);(S_597_1)_6	RBMY1B|ENST00000619219	100.000	99	0	0	4	102	361	459	4.99e-68	204
transcript_16_support_3_5_not_tested_5__106	PRYP3|ENST00000343584	100.000	86	0	0	21	106	62	147	2.16e-62	181
transcript_16_support_2_2_1.0689508372741115e-08_17_(S_182_1)_8	VCY1B|ENST00000250823	95.200	125	6	0	12	136	1	125	9.93e-71	202
transcript_16_support_6_7_2.382384713904518e-22_69_(S_584_1)_27	PRYP3|ENST00000343584	100.000	147	0	0	15	161	1	147	4.91e-110	303
transcript_160_support_2_14_0.0_14__12	DAZ3|ENST00000315357	80.000	125	25	0	1	125	72	196	3.45e-54	171
transcript_163_support_6_6_not_tested_6__12	DAZ3|ENST00000315357	80.000	125	25	0	1	125	72	196	3.45e-54	171
transcript_164_support_7_24_4.110269688527233e-119_27_(I_639_2);(D_641_1)_6	VCY1B|ENST00000250823	92.241	116	9	0	3	118	1	116	3.74e-62	183
transcript_165_support_3_3_not_tested_3__12	DAZ3|ENST00000315357	80.000	125	25	0	1	125	72	196	3.45e-54	171
transcript_166_support_3_3_not_tested_3__11	DAZ4|ENST00000415508	77.551	98	22	0	8	105	99	196	2.72e-36	124
transcript_166_support_10_26_3.1537278781524335e-69_37_(S_399_1)_6	VCY1B|ENST00000250823	93.966	116	7	0	3	118	1	116	1.91e-63	187
transcript_169_support_5_34_not_tested_34__5	VCY1B|ENST00000250823	100.000	117	0	0	1	117	9	125	3.51e-77	218
transcript_17_support_6_6_not_tested_6__12	HSFY2|ENST00000344884	100.000	57	0	0	7	63	82	138	1.32e-38	120
transcript_17_support_6_6_not_tested_6__8	HSFY2|ENST00000344884	100.000	49	0	0	8	56	1	49	1.98e-32	104
transcript_17_support_3_3_not_tested_3__6	RBMY1F|ENST00000454978	100.000	117	0	0	1	117	343	459	9.02e-81	238
transcript_17_support_5_7_1.040234808126333e-26_23_(S_28_1);(I_80_1)_8	VCY1B|ENST00000250823	94.595	111	6	0	14	124	15	125	1.70e-61	178
transcript_17_support_3_4_8.638774655099836e-12_68_(S_1140_1)_27	PRYP3|ENST00000343584	99.320	147	1	0	15	161	1	147	1.31e-108	300
transcript_171_support_5_4_not_tested_4__4	VCY1B|ENST00000250823	96.552	58	2	0	1	58	51	108	1.83e-35	110
transcript_171_support_2_2_2.1692200541971362e-07_128_(I_421_3);(S_465_1)_6	VCY1B|ENST00000250823	100.000	125	0	0	14	138	1	125	1.43e-82	232
transcript_173_support_2_7_not_tested_7__13	TSPY4|ENST00000426950	99.134	231	2	0	14	244	84	314	5.69e-177	483
transcript_175_support_3_2_1.3210109284053928e-24_6_(S_173_1);(S_474_1)_8	TSPY9P|ENST00000440215	99.138	116	1	0	1	116	199	314	2.08e-88	253
transcript_178_support_2_2_1.0434245804519216e-17_11_(S_170_1);(S_305_1)_16	TSPY1|ENST00000451548	99.324	296	2	0	1	296	13	308	0.0	608
transcript_18_support_12_28_0.0_28__8	HSFY2|ENST00000344884	100.000	49	0	0	8	56	1	49	1.98e-32	104
transcript_18_support_12_28_0.0_28__12	HSFY2|ENST00000344884	100.000	69	0	0	7	75	82	150	1.93e-48	145
transcript_18_support_3_3_not_tested_3__7	VCY1B|ENST00000250823	93.103	116	8	0	21	136	1	116	4.83e-63	184
transcript_18_support_69_64_not_tested_64__27	PRYP3|ENST00000343584	100.000	147	0	0	15	161	1	147	4.91e-110	303
transcript_18_support_7_12_1.4823568194966192e-14_16_(D_479_7)_45	CDY1B|ENST00000382407	100.000	540	0	0	76	615	1	540	0.0	1128
transcript_181_support_3_3_not_tested_3__17	TSPY9P|ENST00000440215	98.000	50	1	0	33	82	232	281	2.29e-34	113
transcript_181_support_3_3_not_tested_3__13	TSPY9P|ENST00000440215	85.271	258	11	3	1	231	13	270	3.38e-145	402
transcript_182_support_9_15_2.801076094044937e-39_27_(S_114_1)_16	TSPY10|ENST00000428845	100.000	296	0	0	1	296	13	308	0.0	614
transcript_183_support_3_2_2.3181173302744216e-40_32_(I_423_1);(I_431_2);(S_467_1);(I_474_1);(S_480_1);(S_503_1);(S_504_1)_6	VCY1B|ENST00000250823	100.000	125	0	0	11	135	1	125	1.60e-82	232
transcript_183_support_4_12_1.5739463036393777e-55_29_(S_312_1)_6	VCY1B|ENST00000250823	94.898	98	5	0	1	98	19	116	2.43e-52	158
transcript_185_support_5_8_4.564395190288719e-32_14_(S_1340_1)_17	DAZ4|ENST00000415508	82.653	196	34	0	73	268	1	196	1.40e-92	275
transcript_189_support_2_5_6.554117794568668e-11_63_(I_663_1)_7	VCY1B|ENST00000250823	92.241	116	9	0	10	125	1	116	6.73e-62	183
transcript_189_support_5_4_not_tested_4__16	DAZ4|ENST00000415508	82.653	196	34	0	6	201	1	196	3.51e-93	275
transcript_19_support_3_7_1.5809637182610537e-12_110_(S_244_1)_5	RBMY1E|ENST00000382658	100.000	71	0	0	1	71	389	459	8.83e-47	147
transcript_19_support_3_3_not_tested_3__60	CDY1B|ENST00000382407	79.775	89	18	0	3	91	361	449	3.96e-49	156
transcript_19_support_3_3_not_tested_3__42	CDY1B|ENST00000382407	71.134	97	27	1	2	97	130	226	2.54e-41	136
transcript_19_support_3_3_not_tested_3__54	CDY1B|ENST00000382407	77.982	109	24	0	1	109	253	361	3.38e-57	179
transcript_19_support_2_4_1.541950648730649e-16_25_(S_32_1)_8	VCY1B|ENST00000250823	95.200	125	6	0	22	146	1	125	1.48e-70	202
transcript_19_support_3_3_not_tested_3__34	CDY1B|ENST00000382407	66.923	130	41	2	15	142	1	130	2.52e-51	164
transcript_19_support_2_2_7.840414574379745e-05_66_(S_1134_1)_27	PRYP3|ENST00000343584	99.320	147	1	0	15	161	1	147	8.52e-109	300
transcript_19_support_2_3_1.9451871142088167e-09_40_(S_508_1)_18	PRYP3|ENST00000343584	99.320	147	1	0	15	161	1	147	5.87e-109	301
transcript_19_support_4_15_not_tested_15__16	DAZ3|ENST00000315357	82.653	196	34	0	54	249	1	196	1.27e-92	275
transcript_19_support_4_4_1.159347422205728e-09_13_(S_1356_1)_45	CDY1B|ENST00000382407	100.000	540	0	0	76	615	1	540	0.0	1128
transcript_191_support_3_2_3.3576678082437495e-05_13_(S_130_1)_10	TSPY2|ENST00000320701	100.000	155	0	0	1	155	154	308	9.25e-121	336
transcript_192_support_2_4_2.5511950416354468e-14_26_(S_117_1)_6	VCY1B|ENST00000250823	92.381	105	8	0	1	105	12	116	1.52e-55	163
transcript_195_support_3_4_3.731996543230391e-12_162_(S_26_1);(D_423_3)_6	VCY1B|ENST00000250823	100.000	125	0	0	11	135	1	125	1.60e-82	232
transcript_196_support_2_2_7.603304519546894e-08_51_(I_421_3);(S_494_1)_6	VCY1B|ENST00000250823	100.000	125	0	0	11	135	1	125	1.60e-82	232
transcript_1_support_15_15_not_tested_15__3	BPY2B|ENST00000615850	100.000	57	0	0	1	57	50	106	1.34e-37	114
transcript_1_support_6_4_0.00916024016353209_9_(D_915_19)_3	DAZ3|ENST00000446723	100.000	64	0	0	1	64	223	286	5.53e-38	123
transcript_1_support_6_4_0.00916024016353209_9_(D_915_19)_3	DAZ3|ENST00000446723	96.875	64	2	0	1	64	271	334	1.68e-36	119
transcript_1_support_6_4_0.00916024016353209_9_(D_915_19)_3	DAZ3|ENST00000446723	85.938	64	9	0	1	64	247	310	8.86e-32	107
transcript_1_support_6_4_0.00916024016353209_9_(D_915_19)_3	DAZ3|ENST00000446723	84.615	65	10	0	1	65	295	359	3.01e-31	105
transcript_1_support_6_4_0.00916024016353209_9_(D_915_19)_3	DAZ3|ENST00000446723	85.714	63	9	0	2	64	200	262	5.48e-31	104
transcript_1_support_4_4_not_tested_4__62	XKRY|AF000997.1	94.915	59	3	0	15	73	101	159	2.44e-39	121
transcript_1_support_4_4_not_tested_4__10	PRYP3|ENST00000343584	100.000	85	0	0	1	85	63	147	1.14e-61	177
transcript_1_support_6_6_not_tested_6__13	BPY2B|ENST00000615850	59.794	97	20	2	11	88	10	106	5.82e-32	101
transcript_1_support_76_76_not_tested_76__3	DAZ4|ENST00000415508	100.000	95	0	0	1	95	251	345	5.31e-62	186
transcript_1_support_76_76_not_tested_76__3	DAZ4|ENST00000415508	79.775	89	18	0	2	90	180	268	8.21e-40	129
transcript_1_support_13_13_not_tested_13__23	RBMY1B|ENST00000619219	100.000	99	0	0	25	123	361	459	4.65e-68	205
transcript_1_support_4_4_not_tested_4__59	XKRY|AF000997.1	100.000	104	0	0	8	111	1	104	6.29e-73	208
transcript_1_support_20_22_not_tested_22__4	DAZ4|ENST00000634662	100.000	165	0	0	1	165	415	579	1.67e-113	327
transcript_1_support_20_22_not_tested_22__4	DAZ4|ENST00000634662	79.856	139	28	0	1	139	343	481	4.41e-65	202
transcript_1_support_20_22_not_tested_22__4	DAZ4|ENST00000634662	73.228	127	34	0	13	139	331	457	5.45e-52	168
transcript_1_support_4_7_2.9623887765434996e-33_13_(S_100_1)_5	VCY1B|ENST00000250823	92.941	85	6	0	1	85	32	116	5.24e-51	154
transcript_1_support_3_3_not_tested_3__14	DAZ3|ENST00000315357	80.420	143	28	0	1	143	54	196	1.28e-64	199
transcript_1_support_3_3_not_tested_3__20	XKRY|AF000997.1	48.052	154	71	4	61	211	12	159	1.68e-31	108
transcript_20_support_2_110_not_tested_110__4	RBMY1B|ENST00000619219	100.000	60	0	0	1	60	400	459	9.40e-39	126
transcript_20_support_2_3_7.207008952350916e-13_7_(S_212_1)_8	VCY1B|ENST00000250823	95.200	125	6	0	22	146	1	125	1.48e-70	202
transcript_20_support_2_3_9.887523537891689e-09_40_(S_672_1)_18	PRYP3|ENST00000343584	99.320	147	1	0	15	161	1	147	3.39e-109	301
transcript_20_support_4_5_6.182129879297021e-13_69_(S_1108_1)_27	PRYP3|ENST00000343584	100.000	147	0	0	15	161	1	147	4.91e-110	303
transcript_204_support_4_22_3.536576645324063e-88_26_(S_116_1)_6	VCY1B|ENST00000250823	92.381	105	8	0	1	105	12	116	1.52e-55	163
transcript_204_support_3_6_not_tested_6__16	TSPY9P|ENST00000440215	100.000	310	0	0	1	310	5	314	0.0	640
transcript_205_support_2_2_2.2967778823463223e-10_27_(D_633_2);(I_636_1)_6	VCY1B|ENST00000250823	92.241	116	9	0	5	120	1	116	4.53e-62	183
transcript_206_support_3_11_7.440204194129415e-26_37_(S_393_1)_6	VCY1B|ENST00000250823	93.966	116	7	0	5	120	1	116	2.10e-63	187
transcript_208_support_5_145_0.0_145__8	VCY1B|ENST00000250823	93.103	116	8	0	27	142	1	116	5.88e-63	184
transcript_21_support_3_3_not_tested_3__8	HSFY2|ENST00000344884	100.000	49	0	0	8	56	1	49	1.98e-32	104
transcript_21_support_3_2_7.92776018843714e-10_6_(S_61_1);(I_1250_10)_104	PRYP3|ENST00000343584	98.837	86	1	0	21	106	62	147	6.47e-62	179
transcript_21_support_3_3_not_tested_3__15	HSFY2|ENST00000344884	100.000	90	0	0	7	96	82	171	2.33e-62	182
transcript_21_support_10_21_not_tested_21__8	VCY1B|ENST00000250823	95.200	125	6	0	22	146	1	125	1.48e-70	202
transcript_21_support_3_3_not_tested_3__24	HSFY2|ENST00000304790	100.000	146	0	0	2	147	256	401	1.87e-107	305
transcript_21_support_2_3_3.37155949812091e-08_67_(S_595_1)_27	PRYP3|ENST00000343584	100.000	147	0	0	15	161	1	147	4.91e-110	303
transcript_21_support_41_37_not_tested_37__18	PRYP3|ENST00000343584	100.000	147	0	0	15	161	1	147	4.91e-110	303
transcript_21_support_3_2_7.123541721773096e-05_6_(S_1209_1)_17	DAZ4|ENST00000415508	82.653	196	34	0	73	268	1	196	1.40e-92	275
transcript_216_support_2_3_2.8005134818442658e-12_5_(D_376_6);(S_382_1)_6	TSPY2|ENST00000320701	100.000	85	0	0	1	85	224	308	1.51e-63	188
transcript_219_support_2_2_6.479084084940085e-06_8_(D_659_2)_10	TSPY9P|ENST00000440215	100.000	157	0	0	1	157	158	314	1.53e-122	341
transcript_22_support_2_2_3.610458645518711e-09_112_(S_199_1);(S_254_1)_4	RBMY1B|ENST00000619219	100.000	60	0	0	1	60	400	459	9.40e-39	126
transcript_22_support_3_3_not_tested_3__8	HSFY2|ENST00000344884	100.000	49	0	0	8	56	1	49	1.98e-32	104
transcript_22_support_3_3_not_tested_3__16	HSFY2|ENST00000344884	98.901	91	1	0	7	97	82	172	7.81e-63	184
transcript_22_support_4_4_not_tested_4__9	CDY1B|ENST00000382407	97.297	111	3	0	19	129	1	111	5.29e-77	231
transcript_22_support_2_3_5.30007228421834e-08_39_(S_915_1)_18	PRYP3|ENST00000343584	100.000	147	0	0	15	161	1	147	4.91e-110	303
transcript_22_support_2_7_5.209124770928298e-05_69_(I_538_4)_27	PRYP3|ENST00000343584	100.000	147	0	0	15	161	1	147	4.91e-110	303
transcript_220_support_5_6_8.832950222001073e-24_8_(D_660_1)_10	TSPY9P|ENST00000440215	100.000	157	0	0	1	157	158	314	1.53e-122	341
transcript_223_support_7_25_7.636665908541795e-125_29_(S_326_1)_3	TSPY4|ENST00000383008	100.000	56	0	0	1	56	245	300	6.81e-41	128
transcript_23_support_2_2_9.566953005501223e-09_112_(S_187_1);(S_254_1)_4	RBMY1B|ENST00000619219	100.000	60	0	0	1	60	400	459	9.40e-39	126
transcript_23_support_2_2_2.0832705126837794e-06_81_(S_872_1)_8	HSFY2|ENST00000344884	100.000	49	0	0	8	56	1	49	1.98e-32	104
transcript_23_support_2_3_0.0020423576312451936_40_(I_772_3)_17	PRYP3|ENST00000343584	98.462	130	1	1	15	144	1	129	1.21e-91	257
transcript_23_support_2_2_2.6267695584291627e-05_66_(S_232_1)_27	PRYP3|ENST00000343584	100.000	147	0	0	15	161	1	147	4.91e-110	303
transcript_23_support_2_2_2.0832705126837794e-06_81_(S_872_1)_29	HSFY2|ENST00000304790	99.688	320	1	0	7	326	82	401	0.0	662
transcript_23_support_2_8_not_tested_8__17	DAZ4|ENST00000415508	82.653	196	34	0	73	268	1	196	1.40e-92	275
transcript_23_support_7_17_0.0_17__22	RBMY1A1|ENST00000303902	100.000	459	0	0	17	475	1	459	0.0	920
transcript_236_support_2_2_5.72196544381085e-09_5_(I_365_6);(S_370_1)_6	TSPY2|ENST00000320701	100.000	88	0	0	1	88	221	308	8.42e-66	194
transcript_236_support_7_10_2.4975341292474764e-44_20_(S_236_1)_4	VCY1B|ENST00000250823	98.462	65	1	0	1	65	52	116	5.96e-40	125
transcript_238_support_3_10_3.0149703320541187e-44_20_(S_236_1)_4	VCY1B|ENST00000250823	98.462	65	1	0	1	65	52	116	6.29e-40	125
transcript_24_support_2_2_1.0916602916077564e-05_82_(S_1054_1)_8	HSFY2|ENST00000344884	100.000	49	0	0	8	56	1	49	1.98e-32	104
transcript_24_support_2_2_3.1190515276633366e-07_4_(S_245_1)_16	BPY2B|ENST00000615850	95.294	85	4	0	11	95	22	106	3.90e-55	160
transcript_24_support_2_4_1.793743666019703e-09_41_(S_713_1)_18	PRYP3|ENST00000343584	100.000	147	0	0	15	161	1	147	4.91e-110	303
transcript_24_support_2_2_1.0916602916077564e-05_82_(S_1054_1)_29	HSFY2|ENST00000304790	99.688	320	1	0	7	326	82	401	0.0	662
transcript_244_support_2_6_not_tested_6__9	VCY1B|ENST00000250823	92.241	116	9	0	42	157	1	116	1.67e-61	183
transcript_25_support_32_35_not_tested_35__4	RBMY1F|ENST00000454978	100.000	63	0	0	1	63	397	459	2.57e-40	130
transcript_25_support_5_6_0.00010186701896100131_83_(I_1235_7)_8	HSFY2|ENST00000344884	100.000	49	0	0	8	56	1	49	1.98e-32	104
transcript_25_support_2_2_7.5063503827968535e-06_4_(S_245_1)_16	BPY2B|ENST00000615850	95.294	85	4	0	11	95	22	106	5.91e-55	160
transcript_25_support_2_2_3.9088233902019436e-07_39_(S_45_1)_18	PRYP3|ENST00000343584	100.000	147	0	0	15	161	1	147	4.91e-110	303
transcript_25_support_5_6_0.00010186701896100131_83_(I_1235_7)_29	HSFY2|ENST00000304790	100.000	320	0	0	7	326	82	401	0.0	664
transcript_25_support_3_3_not_tested_3__20	DAZ4|ENST00000682740	91.732	508	18	1	1	484	216	723	0.0	869
transcript_25_support_3_3_not_tested_3__20	DAZ4|ENST00000682740	92.308	130	9	1	1	130	51	179	1.74e-65	218
transcript_253_support_3_4_8.996099564788752e-44_10_(S_134_1);(S_431_1);(S_857_1)_14	TSPY3|ENST00000424594	99.635	274	1	0	1	274	1	274	0.0	562
transcript_255_support_3_3_1.7587709198731882e-13_11_(S_288_1)_8	VCY1B|ENST00000250823	91.379	116	10	0	29	144	1	116	3.33e-60	179
transcript_257_support_5_5_7.355583904143909e-59_10_(S_134_1);(S_431_1);(S_857_1)_14	TSPY10|ENST00000428845	99.636	275	1	0	1	275	1	275	0.0	565
transcript_258_support_3_1_2.8114918863518383e-07_9_(S_114_1);(S_221_1)_19	TSPY9P|ENST00000440215	100.000	83	0	0	33	115	232	314	3.28e-62	186
transcript_258_support_3_1_2.8114918863518383e-07_9_(S_114_1);(S_221_1)_13	TSPY4|ENST00000383008	85.556	270	12	3	1	243	1	270	1.57e-155	429
transcript_26_support_2_2_6.696893522990199e-06_37_(S_314_1)_4	RBMY1F|ENST00000454978	100.000	63	0	0	1	63	397	459	2.57e-40	130
transcript_26_support_3_3_not_tested_3__109	PRYP3|ENST00000343584	100.000	86	0	0	21	106	62	147	2.16e-62	181
transcript_26_support_4_6_4.0978714510710574e-69_9_(I_2_2);(I_7_1);(S_583_1)_6	RBMY1B|ENST00000619219	100.000	106	0	0	1	106	354	459	3.01e-73	218
transcript_26_support_3_4_0.00023361344763758813_16_(I_484_7)_12	CDY1B|ENST00000382407	100.000	64	0	0	76	139	1	64	2.10e-43	143
transcript_26_support_3_4_0.00023361344763758813_16_(I_484_7)_44	CDY1B|ENST00000382407	99.791	479	1	0	17	495	62	540	0.0	992
transcript_262_support_5_18_0.0_18__8	TSPY9P|ENST00000440215	100.000	125	0	0	1	125	190	314	5.09e-96	272
transcript_27_support_18_18_not_tested_18__2	PRYP3|ENST00000343584	100.000	53	0	0	1	53	95	147	2.16e-34	107
transcript_27_support_4_4_1.4310742915832028e-17_12_(S_390_1)_7	VCY1B|ENST00000250823	93.966	116	7	0	12	127	1	116	1.75e-63	185
transcript_27_support_6_6_not_tested_6__4	DAZ4|ENST00000634662	100.000	179	0	0	1	179	401	579	9.23e-124	354
transcript_27_support_6_6_not_tested_6__4	DAZ4|ENST00000634662	78.808	151	32	0	3	153	331	481	8.92e-70	215
transcript_273_support_3_1_1.4519760825688795e-27_14_(I_82_1);(S_121_1);(S_150_1);(S_159_1);(I_172_2);(S_420_1);(D_660_2);(I_663_1)_6	VCY1B|ENST00000250823	98.571	70	1	0	51	120	47	116	3.69e-43	135
transcript_28_support_3_3_not_tested_3__2	DAZ4|ENST00000415508	100.000	59	0	0	1	59	308	366	9.63e-41	129
transcript_28_support_3_3_not_tested_3__6	PRYP3|ENST00000343584	100.000	102	0	0	1	102	46	147	9.17e-75	211
transcript_28_support_3_4_1.824862030696909e-16_9_(S_91_1)_46	CDY2B|ENST00000382867	100.000	541	0	0	83	623	1	541	0.0	1131
transcript_283_support_6_8_9.109416962860464e-38_11_(S_278_1)_8	VCY1B|ENST00000250823	92.241	116	9	0	32	147	1	116	1.50e-61	183
transcript_284_support_3_5_not_tested_5__8	VCY1B|ENST00000250823	92.241	116	9	0	41	156	1	116	1.24e-61	183
transcript_286_support_3_16_0.0_16__4	VCY1B|ENST00000250823	97.183	71	2	0	1	71	46	116	2.96e-44	136
transcript_288_support_2_3_5.7229902078951115e-12_12_(I_627_1)_9	TSPY9P|ENST00000440215	100.000	146	0	0	1	146	169	314	4.26e-113	317
transcript_29_support_2_2_not_tested_2__7	VCY1B|ENST00000250823	100.000	52	0	0	6	57	74	125	1.55e-31	99.8
transcript_29_support_2_4_1.1992274134095625e-12_10_(S_2064_1)_2	DAZ4|ENST00000415508	100.000	59	0	0	1	59	308	366	9.63e-41	129
transcript_29_support_2_2_0.004179912544073406_75_(S_498_1)_5	RBMY1B|ENST00000619219	100.000	75	0	0	1	75	385	459	1.05e-49	155
transcript_29_support_4_6_not_tested_6__10	BPY2B|ENST00000615850	95.294	85	4	0	11	95	22	106	3.90e-55	160
transcript_29_support_3_5_3.727708591256154e-20_9_(S_91_1)_46	CDY2B|ENST00000382867	100.000	541	0	0	76	616	1	541	0.0	1132
transcript_290_support_12_9_3.1275459370907424e-17_12_(D_627_1);(D_628_1)_9	TSPY9P|ENST00000440215	100.000	146	0	0	1	146	169	314	4.26e-113	317
transcript_299_support_5_5_not_tested_5__10	TSPY9P|ENST00000440215	98.000	50	1	0	33	82	232	281	2.29e-34	113
transcript_299_support_5_5_not_tested_5__6	TSPY1|ENST00000423647	69.608	102	10	2	1	81	163	264	2.04e-44	139
transcript_2_support_8_5_9.458378384387239e-05_9_(I_915_19)_3	DAZ3|ENST00000446723	100.000	64	0	0	1	64	223	286	5.53e-38	123
transcript_2_support_8_5_9.458378384387239e-05_9_(I_915_19)_3	DAZ3|ENST00000446723	96.875	64	2	0	1	64	271	334	1.68e-36	119
transcript_2_support_8_5_9.458378384387239e-05_9_(I_915_19)_3	DAZ3|ENST00000446723	85.938	64	9	0	1	64	247	310	8.86e-32	107
transcript_2_support_8_5_9.458378384387239e-05_9_(I_915_19)_3	DAZ3|ENST00000446723	84.615	65	10	0	1	65	295	359	3.01e-31	105
transcript_2_support_8_5_9.458378384387239e-05_9_(I_915_19)_3	DAZ3|ENST00000446723	85.714	63	9	0	2	64	200	262	5.48e-31	104
transcript_2_support_7_7_not_tested_7__15	PRYP3|ENST00000343584	100.000	85	0	0	1	85	63	147	1.14e-61	177
transcript_2_support_8_8_not_tested_8__6	BPY2B|ENST00000615850	59.794	97	20	2	11	88	10	106	5.82e-32	101
transcript_2_support_3_3_not_tested_3__30	CDY1B|ENST00000382407	79.775	89	18	0	3	91	361	449	3.96e-49	156
transcript_2_support_3_3_not_tested_3__10	BPY2B|ENST00000615850	95.294	85	4	0	11	95	22	106	3.90e-55	160
transcript_2_support_6_8_not_tested_8__44	PRYP3|ENST00000343584	100.000	86	0	0	21	106	62	147	2.16e-62	181
transcript_2_support_3_3_not_tested_3__24	CDY1B|ENST00000382407	77.982	109	24	0	1	109	253	361	3.38e-57	179
transcript_2_support_3_3_not_tested_3__13	CDY1B|ENST00000382407	73.770	122	31	1	2	122	130	251	2.28e-56	177
transcript_2_support_19_19_not_tested_19__4	DAZ4|ENST00000634662	100.000	179	0	0	1	179	401	579	9.23e-124	354
transcript_2_support_19_19_not_tested_19__4	DAZ4|ENST00000634662	78.808	151	32	0	3	153	331	481	8.92e-70	215
transcript_2_support_2_2_3.182863818422578e-20_4_(S_898_1);(D_1264_1)_27	HSFY2|ENST00000304790	100.000	384	0	0	1	384	18	401	0.0	798
transcript_30_support_28_80_not_tested_80__8	HSFY2|ENST00000344884	100.000	49	0	0	8	56	1	49	1.98e-32	104
transcript_30_support_29_103_2.3380124442758288e-281_110_(S_231_1)_5	RBMY1B|ENST00000619219	100.000	75	0	0	1	75	385	459	1.05e-49	155
transcript_30_support_2_2_0.0006142395439698438_86_(S_134_1)_3	DAZ4|ENST00000415508	98.795	83	1	0	1	83	284	366	4.00e-57	173
transcript_30_support_15_15_not_tested_15__10	BPY2B|ENST00000615850	95.294	85	4	0	11	95	22	106	3.90e-55	160
transcript_30_support_2_1_0.00012502518437746275_3_(S_525_1);(D_527_1)_7	RBMY1F|ENST00000454978	100.000	174	0	0	1	174	257	430	4.17e-122	347
transcript_30_support_4_9_1.4952645848044202e-16_69_(S_772_1)_7	VCY1B|ENST00000250823	93.966	116	7	0	12	127	1	116	3.54e-63	186
transcript_30_support_28_80_not_tested_80__29	HSFY2|ENST00000304790	100.000	320	0	0	7	326	82	401	0.0	664
transcript_31_support_41_58_not_tested_58__5	RBMY1B|ENST00000619219	100.000	75	0	0	1	75	385	459	1.05e-49	155
transcript_31_support_81_85_not_tested_85__3	DAZ4|ENST00000415508	100.000	83	0	0	1	83	284	366	8.11e-58	175
transcript_31_support_2_2_3.5722527204698327e-16_3_(S_525_1);(I_527_1)_8	RBMY1F|ENST00000454978	100.000	203	0	0	1	203	257	459	2.89e-142	399
transcript_31_support_31_121_0.0_205_(S_420_1)_7	VCY1B|ENST00000250823	93.966	116	7	0	12	127	1	116	3.54e-63	186
transcript_32_support_2_2_6.988929788173508e-23_6_(S_242_1);(S_306_1)_6	RBMY1F|ENST00000454978	98.113	106	2	0	1	106	354	459	4.68e-71	213
transcript_32_support_2_43_5.2389642778502184e-157_64_(S_2_1)_7	VCY1B|ENST00000250823	93.103	116	8	0	12	127	1	116	2.90e-63	184
transcript_32_support_6_6_not_tested_6__46	CDY2B|ENST00000382867	99.576	236	1	0	8	243	306	541	3.70e-177	492
transcript_32_support_6_6_not_tested_6__31	CDY2B|ENST00000382867	100.000	307	0	0	76	382	1	307	0.0	641
transcript_33_support_3_4_3.0528212240199654e-46_6_(S_242_1);(S_306_1)_6	RBMY1F|ENST00000454978	100.000	106	0	0	1	106	354	459	6.67e-73	217
transcript_33_support_6_8_not_tested_8__7	PRYP3|ENST00000343584	100.000	119	0	0	1	119	29	147	5.11e-88	246
transcript_33_support_3_1_8.15977261194297e-05_5_(S_150_1)_7	VCY1B|ENST00000250823	93.103	116	8	0	12	127	1	116	2.90e-63	184
transcript_34_support_4_4_not_tested_4__12	PRYP3|ENST00000343584	100.000	85	0	0	1	85	63	147	1.14e-61	177
transcript_34_support_3_3_not_tested_3__7	BPY2B|ENST00000615850	100.000	106	0	0	7	112	1	106	2.07e-77	217
transcript_34_support_11_11_not_tested_11__5	DAZ4|ENST00000415508	100.000	131	0	0	1	131	236	366	7.79e-92	264
transcript_34_support_11_11_not_tested_11__5	DAZ4|ENST00000415508	77.670	103	23	0	3	105	166	268	5.21e-45	144
transcript_34_support_3_3_not_tested_3__14	DAZ4|ENST00000415508	74.510	102	26	0	7	108	95	196	1.32e-36	125
transcript_347_support_4_4_not_tested_4__7	TSPY3|ENST00000440483	98.718	78	1	0	1	78	61	138	1.41e-55	163
transcript_347_support_4_4_not_tested_4__13	TSPY9P|ENST00000440215	100.000	83	0	0	33	115	232	314	3.28e-62	186
transcript_35_support_8_8_not_tested_8__7	PRYP3|ENST00000343584	100.000	86	0	0	7	92	62	147	2.29e-62	180
transcript_35_support_3_3_not_tested_3__20	BPY2B|ENST00000615850	95.294	85	4	0	11	95	22	106	3.90e-55	160
transcript_35_support_2_4_1.4672597461100704e-24_6_(S_279_1)_12	HSFY2|ENST00000344884	100.000	112	0	0	8	119	1	112	1.52e-82	234
transcript_35_support_4_4_not_tested_4__6	DAZ4|ENST00000415508	98.710	155	2	0	1	155	212	366	3.53e-107	304
transcript_35_support_3_3_not_tested_3__36	CDY2B|ENST00000382867	100.000	510	0	0	1	510	32	541	0.0	1066
transcript_350_support_3_5_3.698500107897988e-24_64_(S_152_1);(S_237_1)_4	TSPY4|ENST00000426950	98.214	56	1	0	1	56	259	314	2.98e-39	124
transcript_352_support_6_6_1.485939856810468e-30_64_(S_155_1);(S_240_1)_4	TSPY4|ENST00000426950	100.000	55	0	0	1	55	260	314	2.05e-39	125
transcript_359_support_2_2_2.0199507092828193e-20_3_(S_86_1);(S_223_1)_11	TSPY4|ENST00000426950	100.000	193	0	0	1	193	122	314	1.90e-150	413
transcript_36_support_7_7_not_tested_7__7	PRYP3|ENST00000343584	100.000	85	0	0	28	112	63	147	3.55e-61	177
transcript_36_support_9_9_not_tested_9__4	DAZ4|ENST00000634662	100.000	156	0	0	1	156	424	579	2.75e-107	311
transcript_36_support_9_9_not_tested_9__4	DAZ4|ENST00000634662	81.538	130	24	0	1	130	352	481	3.46e-62	194
transcript_36_support_9_9_not_tested_9__4	DAZ4|ENST00000634662	73.228	127	34	0	4	130	331	457	4.40e-52	167
transcript_36_support_22_65_8.78338520064345e-116_69_(D_270_5)_7	VCY1B|ENST00000250823	92.241	116	9	0	12	127	1	116	6.69e-62	183
transcript_360_support_2_1_2.179886937878022e-09_3_(S_86_1);(S_223_1)_11	TSPY1|ENST00000451548	99.482	193	1	0	1	193	116	308	2.93e-149	410
transcript_366_support_2_4_not_tested_4__16	TSPY10|ENST00000428845	95.779	308	1	1	1	296	1	308	0.0	603
transcript_367_support_4_5_9.294685044653632e-15_7_(D_597_3)_6	TSPY9P|ENST00000440215	98.958	96	1	0	1	96	186	281	6.93e-71	207
transcript_37_support_10_15_not_tested_15__6	HSFY2|ENST00000344884	100.000	48	0	0	1	48	2	49	1.60e-31	102
transcript_37_support_10_15_not_tested_15__10	HSFY2|ENST00000344884	100.000	69	0	0	7	75	82	150	1.93e-48	145
transcript_37_support_12_12_3.4028960866837e-208_22_(I_1_1);(S_29_1);(S_37_1);(S_72_1);(D_888_4);(S_2136_1)_2	DAZ3|ENST00000315357	100.000	84	0	0	1	84	283	366	2.91e-58	176
transcript_37_support_3_3_not_tested_3__10	BPY2B|ENST00000615850	95.000	80	4	0	11	90	22	101	4.17e-51	150
transcript_37_support_3_13_8.342259862948017e-64_236_(S_182_1);(S_495_1)_7	VCY1B|ENST00000250823	93.103	116	8	0	12	127	1	116	2.90e-63	184
transcript_372_support_4_7_1.0812555760466178e-42_61_(S_225_1);(S_354_1)_5	TSPY2|ENST00000320701	100.000	75	0	0	1	75	234	308	9.70e-56	167
transcript_38_support_3_5_3.7949487464140037e-06_35_(S_76_1)_8	VCY1B|ENST00000250823	96.000	125	5	0	11	135	1	125	1.97e-71	204
transcript_38_support_3_3_7.975301489524186e-11_6_(S_420_1)_7	VCY1B|ENST00000250823	93.966	116	7	0	12	127	1	116	3.11e-63	186
transcript_38_support_2_5_0.0006417021630154174_58_(D_660_2)_7	VCY1B|ENST00000250823	92.241	116	9	0	12	127	1	116	6.69e-62	183
transcript_38_support_4_4_not_tested_4__4	DAZ4|ENST00000382314	100.000	228	0	0	1	228	376	603	1.40e-157	444
transcript_38_support_4_9_5.7690857184661695e-24_9_(D_0_1);(D_1_2);(D_2_2)_18	DAZ4|ENST00000415508	82.653	196	34	0	80	275	1	196	1.28e-92	276
transcript_38_support_5_8_not_tested_8__31	HSFY2|ENST00000304790	100.000	401	0	0	8	408	1	401	0.0	832
transcript_38_support_3_3_not_tested_3__34	CDY2B|ENST00000382867	100.000	488	0	0	1	488	54	541	0.0	1015
transcript_382_support_3_3_4.019043986491288e-14_8_(S_188_1)_13	TSPY4|ENST00000426950	100.000	226	0	0	1	226	89	314	2.88e-175	478
transcript_383_support_2_2_6.6205282535349455e-21_6_(S_493_1);(S_794_1)_13	TSPY4|ENST00000426950	99.558	226	1	0	1	226	89	314	7.24e-174	474
transcript_388_support_5_7_not_tested_7__9	TSPY2|ENST00000383042	100.000	69	0	0	33	101	226	294	4.40e-51	156
transcript_39_support_2_5_not_tested_5__7	VCY1B|ENST00000250823	93.966	116	7	0	12	127	1	116	7.79e-64	185
transcript_39_support_2_2_1.0185225640270338e-05_75_(S_444_1)_7	VCY1B|ENST00000250823	93.966	116	7	0	12	127	1	116	4.27e-63	186
transcript_39_support_3_5_not_tested_5__18	DAZ4|ENST00000415508	82.653	196	34	0	80	275	1	196	1.28e-92	276
transcript_39_support_8_12_2.3574827259188985e-09_131_(I_1333_7)_31	HSFY2|ENST00000304790	100.000	401	0	0	8	408	1	401	0.0	832
transcript_3_support_3_3_not_tested_3__6	HSFY2|ENST00000344884	100.000	49	0	0	8	56	1	49	1.98e-32	104
transcript_3_support_6_6_not_tested_6__31	CDY1B|ENST00000382407	79.775	89	18	0	3	91	361	449	3.96e-49	156
transcript_3_support_3_3_not_tested_3__13	HSFY2|ENST00000344884	100.000	90	0	0	7	96	82	171	2.33e-62	182
transcript_3_support_4_4_not_tested_4__43	PRYP3|ENST00000343584	100.000	86	0	0	21	106	62	147	2.16e-62	181
transcript_3_support_6_6_not_tested_6__13	CDY1B|ENST00000382407	71.134	97	27	1	2	97	130	226	2.54e-41	136
transcript_3_support_6_6_not_tested_6__25	CDY1B|ENST00000382407	77.982	109	24	0	1	109	253	361	3.38e-57	179
transcript_3_support_3_3_not_tested_3__22	HSFY2|ENST00000304790	100.000	146	0	0	2	147	256	401	1.87e-107	305
transcript_3_support_4_5_6.80136732319195e-21_15_(S_299_1)_5	VCY1B|ENST00000250823	95.294	85	4	0	1	85	32	116	2.36e-52	157
transcript_3_support_2_2_4.4259485140572806e-05_21_(S_847_1)_4	DAZ4|ENST00000634662	100.000	179	0	0	1	179	401	579	9.23e-124	354
transcript_3_support_2_2_4.4259485140572806e-05_21_(S_847_1)_4	DAZ4|ENST00000634662	78.808	151	32	0	3	153	331	481	8.92e-70	215
transcript_3_support_8_8_not_tested_8__2	DAZ4|ENST00000382314	100.000	183	0	0	1	183	401	583	7.01e-121	348
transcript_3_support_8_8_not_tested_8__2	DAZ4|ENST00000382314	80.690	145	28	0	27	171	331	475	1.89e-68	213
transcript_3_support_31_31_not_tested_31__14	CDY2B|ENST00000382867	100.000	158	0	0	40	197	1	158	2.22e-116	335
transcript_3_support_2_3_not_tested_3__12	DAZ4|ENST00000415508	77.551	98	22	0	8	105	99	196	2.72e-36	124
transcript_3_support_3_3_not_tested_3__120	XKRY|AF000997.1	48.052	154	71	4	37	187	12	159	1.81e-31	108
transcript_40_support_3_3_7.12448768265595e-11_8_(S_808_1)_8	PRYP3|ENST00000343584	100.000	85	0	0	1	85	63	147	1.14e-61	177
transcript_40_support_3_5_not_tested_5__10	BPY2B|ENST00000615850	90.110	91	7	1	7	95	16	106	6.10e-56	162
transcript_40_support_7_11_1.1651237488151255e-12_18_(I_1141_7)_101	PRYP3|ENST00000343584	100.000	77	0	0	21	97	62	138	2.03e-54	160
transcript_40_support_5_14_not_tested_14__5	VCY1B|ENST00000250823	92.771	83	6	0	20	102	34	116	1.77e-50	150
transcript_40_support_4_8_2.0142965767019357e-35_12_(S_390_1)_7	VCY1B|ENST00000250823	93.966	116	7	0	12	127	1	116	1.63e-63	185
transcript_404_support_4_3_6.210740303120013e-19_11_(S_294_1);(D_313_3)_5	TSPY2|ENST00000320701	100.000	75	0	0	1	75	234	308	9.70e-56	167
transcript_41_support_7_9_not_tested_9__5	RBMY1F|ENST00000454978	100.000	69	0	0	1	69	391	459	3.76e-45	143
transcript_41_support_5_7_not_tested_7__34	CDY1B|ENST00000382407	100.000	500	0	0	1	500	41	540	0.0	1041
transcript_42_support_6_28_0.0_28__9	HSFY2|ENST00000344884	100.000	49	0	0	8	56	1	49	1.98e-32	104
transcript_42_support_6_28_0.0_28__13	HSFY2|ENST00000344884	100.000	69	0	0	7	75	82	150	1.93e-48	145
transcript_42_support_4_4_2.6002774485026636e-49_7_(S_146_1);(S_184_1);(S_454_1);(D_715_1)_7	RBMY1B|ENST00000619219	100.000	151	0	0	1	151	309	459	1.74e-105	303
transcript_43_support_3_3_not_tested_3__43	CDY1B|ENST00000306882	100.000	554	0	0	57	610	1	554	0.0	1159
transcript_439_support_4_4_5.3692895553825505e-20_61_(S_211_1);(S_340_1)_5	TSPY9P|ENST00000440215	98.734	79	1	0	1	79	236	314	8.72e-58	173
transcript_44_support_14_26_not_tested_26__6	PRYP3|ENST00000343584	100.000	84	0	0	1	84	64	147	1.62e-60	175
transcript_44_support_42_124_not_tested_124__31	HSFY2|ENST00000304790	100.000	401	0	0	8	408	1	401	0.0	832
transcript_441_support_3_2_1.0104908301429745e-09_7_(S_49_1)_3	TSPY8|ENST00000383000	100.000	65	0	0	1	65	230	294	1.38e-48	148
transcript_447_support_2_2_1.5761936402974204e-05_20_(S_141_1)_15	TSPY10|ENST00000428845	99.668	301	1	0	1	301	8	308	0.0	622
transcript_448_support_6_12_1.5977286303133786e-29_27_(S_99_1)_16	TSPY10|ENST00000428845	100.000	301	0	0	1	301	8	308	0.0	625
transcript_449_support_4_5_8.186410981667925e-32_9_(S_134_1);(S_241_1)_19	TSPY9P|ENST00000440215	100.000	83	0	0	33	115	232	314	3.28e-62	186
transcript_449_support_4_5_8.186410981667925e-32_9_(S_134_1);(S_241_1)_13	TSPY3|ENST00000424594	87.938	257	10	2	1	236	8	264	1.32e-160	441
transcript_45_support_7_7_not_tested_7__12	DAZ2|ENST00000382440	96.782	435	14	0	1	435	200	634	0.0	760
transcript_45_support_7_7_not_tested_7__12	DAZ2|ENST00000382440	90.649	385	36	0	39	423	166	550	0.0	620
transcript_450_support_9_8_2.972875925037562e-33_23_(S_411_1)_16	TSPY10|ENST00000428845	99.668	301	1	0	1	301	8	308	0.0	622
transcript_451_support_3_4_2.452369777584351e-19_10_(S_414_1);(D_1008_3)_14	TSPY3|ENST00000424594	99.652	287	1	0	1	287	8	294	0.0	593
transcript_457_support_3_4_not_tested_4__10	TSPY9P|ENST00000440215	100.000	171	0	0	1	171	144	314	1.48e-133	370
transcript_458_support_3_3_4.665868661577467e-15_10_(S_323_1)_13	TSPY1|ENST00000451548	99.554	224	1	0	1	224	85	308	9.82e-173	471
transcript_46_support_2_1_9.082150869890143e-05_3_(S_740_1)_6	PRYP3|ENST00000343584	100.000	84	0	0	1	84	64	147	1.62e-60	175
transcript_46_support_3_3_not_tested_3__80	XKRY|AF000997.1	60.465	129	43	3	13	138	12	135	2.40e-40	126
transcript_46_support_22_84_4.5356668259748525e-215_205_(S_420_1)_7	VCY1B|ENST00000250823	93.966	116	7	0	12	127	1	116	3.50e-63	186
transcript_462_support_4_4_1.602694370198841e-30_44_(S_18_1);(D_294_3);(S_320_1)_5	TSPY9P|ENST00000440215	98.462	65	1	0	1	65	250	314	4.94e-46	142
transcript_463_support_2_1_2.7440395418697345e-18_3_(S_38_1);(S_566_1);(S_978_1);(D_1096_1)_16	TSPY2|ENST00000320701	100.000	305	0	0	1	305	4	308	0.0	632
transcript_467_support_2_2_2.2238844481009213e-09_6_(S_375_1)_6	TSPY2|ENST00000429039	100.000	99	0	0	3	101	123	221	1.61e-74	214
transcript_468_support_3_4_3.0911460274844935e-19_6_(S_375_1)_6	TSPY2|ENST00000429039	100.000	99	0	0	3	101	123	221	1.61e-74	214
transcript_47_support_2_2_2.0622055128401297e-09_3_(S_740_1)_6	PRYP3|ENST00000343584	100.000	84	0	0	1	84	64	147	1.62e-60	175
transcript_47_support_19_19_2.848437495762646e-138_48_(S_29_1);(S_37_1);(S_72_1)_3	DAZ1|ENST00000426000	100.000	103	0	0	1	103	264	366	7.93e-72	211
transcript_47_support_19_19_2.848437495762646e-138_48_(S_29_1);(S_37_1);(S_72_1)_3	DAZ1|ENST00000426000	75.325	77	19	0	1	77	192	268	8.09e-32	108
transcript_47_support_3_4_2.584379439334949e-76_6_(S_798_1);(S_1007_1);(S_1260_1);(S_1829_1)_113	PRYP3|ENST00000343584	100.000	86	0	0	21	106	62	147	2.16e-62	181
transcript_47_support_4_2_1.5826411860482424e-11_7_(D_1364_8);(S_1389_1);(D_2723_8)_19	DAZ4|ENST00000415508	82.653	196	34	0	80	275	1	196	1.28e-92	276
transcript_474_support_2_4_2.796378581928575e-14_6_(S_317_1)_7	TSPY9P|ENST00000440215	100.000	83	0	0	28	110	232	314	3.75e-62	186
transcript_475_support_2_2_2.0404353457607153e-07_6_(S_317_1)_7	TSPY2|ENST00000320701	98.795	83	1	0	28	110	226	308	4.39e-61	182
transcript_478_support_3_5_1.358734669821473e-15_12_(S_168_1)_18	TSPY10|ENST00000428845	100.000	308	0	0	12	319	1	308	0.0	639
transcript_479_support_9_7_2.6575168587324467e-21_12_(S_168_1)_18	TSPY10|ENST00000428845	100.000	308	0	0	12	319	1	308	0.0	639
transcript_48_support_6_11_not_tested_11__35	PRYP3|ENST00000343584	100.000	75	0	0	21	95	62	136	1.09e-52	155
transcript_48_support_3_3_2.133182797819512e-15_10_(I_924_1)_16	BPY2B|ENST00000615850	100.000	106	0	0	7	112	1	106	2.07e-77	217
transcript_48_support_3_13_6.074903995335116e-07_397_(I_353_5)_6	VCY1B|ENST00000250823	100.000	98	0	0	18	115	1	98	3.40e-62	180
transcript_48_support_3_3_not_tested_3__7	RBMY1B|ENST00000619219	100.000	142	0	0	1	142	318	459	4.04e-99	286
transcript_48_support_3_3_not_tested_3__39	PRYP3|ENST00000343584	100.000	147	0	0	15	161	1	147	4.91e-110	303
transcript_48_support_3_3_1.6967905255781768e-09_6_(S_420_1)_7	VCY1B|ENST00000250823	93.966	116	7	0	12	127	1	116	3.08e-63	186
transcript_48_support_2_3_1.1563376829805953e-05_126_(S_559_1)_31	HSFY2|ENST00000304790	100.000	401	0	0	8	408	1	401	0.0	832
transcript_488_support_4_27_not_tested_27__16	TSPY10|ENST00000428845	100.000	307	0	0	1	307	2	308	0.0	637
transcript_49_support_2_3_4.383447566186371e-09_127_(S_555_1)_31	HSFY2|ENST00000304790	99.751	401	1	0	8	408	1	401	0.0	829
transcript_4_support_3_3_not_tested_3__82	XKRY|AF000997.1	94.915	59	3	0	15	73	101	159	2.44e-39	121
transcript_4_support_4_4_not_tested_4__2	DAZ3|ENST00000446723	100.000	80	0	0	1	80	231	310	7.82e-49	152
transcript_4_support_4_4_not_tested_4__2	DAZ3|ENST00000446723	93.827	81	5	0	1	81	279	359	2.07e-45	143
transcript_4_support_4_4_not_tested_4__2	DAZ3|ENST00000446723	87.500	80	10	0	1	80	255	334	1.03e-41	134
transcript_4_support_4_4_not_tested_4__2	DAZ3|ENST00000446723	86.250	80	11	0	1	80	207	286	6.12e-41	132
transcript_4_support_4_4_not_tested_4__2	DAZ3|ENST00000446723	85.000	80	12	0	1	80	183	262	6.12e-40	129
transcript_4_support_2_52_not_tested_52__4	VCY1B|ENST00000250823	96.923	65	2	0	1	65	52	116	4.59e-40	122
transcript_4_support_4_4_not_tested_4__4	DAZ3|ENST00000315357	100.000	80	0	0	14	93	287	366	8.67e-56	170
transcript_4_support_3_3_not_tested_3__79	XKRY|AF000997.1	100.000	104	0	0	8	111	1	104	6.29e-73	208
transcript_4_support_2_3_0.005308146540859335_10_(I_1316_9)_2	DAZ3|ENST00000446723	100.000	155	0	0	1	155	236	390	5.38e-108	307
transcript_4_support_2_3_0.005308146540859335_10_(I_1316_9)_2	DAZ3|ENST00000446723	77.165	127	29	0	3	129	166	292	3.81e-57	177
transcript_50_support_4_4_not_tested_4__6	PRYP3|ENST00000343584	100.000	89	0	0	1	89	59	147	3.94e-65	187
transcript_50_support_3_5_not_tested_5__9	RBMY1B|ENST00000619219	100.000	259	0	0	1	259	201	459	0.0	512
transcript_50_support_6_5_6.905952458719575e-13_5_(D_494_8);(D_495_8)_44	CDY1B|ENST00000382407	100.000	540	0	0	76	615	1	540	0.0	1128
transcript_50_support_6_6_not_tested_6__24	DAZ2|ENST00000382440	97.940	631	13	0	1	631	24	654	0.0	1185
transcript_501_support_3_2_0.0011194217545081517_14_(D_1110_2)_16	TSPY10|ENST00000428845	100.000	302	0	0	1	302	7	308	0.0	627
transcript_502_support_2_2_2.755545580609289e-10_10_(S_411_1);(I_1005_3)_14	TSPY3|ENST00000424594	100.000	288	0	0	1	288	7	294	0.0	597
transcript_504_support_3_1_2.0763618431950857e-05_13_(S_132_1);(D_1110_2)_16	TSPY10|ENST00000428845	100.000	302	0	0	1	302	7	308	0.0	627
transcript_51_support_39_46_not_tested_46__2	PRYP3|ENST00000343584	100.000	55	0	0	1	55	93	147	3.29e-36	112
transcript_51_support_2_2_6.583437746579998e-11_6_(S_279_1)_12	HSFY2|ENST00000344884	99.107	112	1	0	8	119	1	112	4.46e-82	233
transcript_51_support_2_2_5.214221059363524e-06_7_(I_494_7)_14	CDY2B|ENST00000382867	100.000	74	0	0	76	149	1	74	4.53e-51	165
transcript_51_support_3_3_not_tested_3__21	XKRY|AF000997.1	48.052	154	71	4	57	207	12	159	3.89e-31	108
transcript_51_support_2_2_5.214221059363524e-06_7_(I_494_7)_44	CDY1B|ENST00000382407	99.786	468	1	0	2	469	73	540	0.0	968
transcript_51_support_6_6_not_tested_6__20	DAZ4|ENST00000682740	91.732	508	18	1	12	495	216	723	0.0	871
transcript_51_support_6_6_not_tested_6__20	DAZ4|ENST00000682740	92.308	130	9	1	12	141	51	179	2.08e-65	218
transcript_510_support_3_5_not_tested_5__15	TSPY9P|ENST00000440215	100.000	83	0	0	33	115	232	314	3.28e-62	186
transcript_510_support_3_5_not_tested_5__9	TSPY3|ENST00000424594	81.657	169	10	2	1	148	96	264	2.58e-95	271
transcript_511_support_3_5_not_tested_5__10	TSPY2|ENST00000383042	100.000	199	0	0	1	199	96	294	3.96e-155	425
transcript_512_support_2_2_not_tested_2__6	TSPY8|ENST00000383005	58.333	84	30	1	3	86	61	139	2.85e-32	103
transcript_518_support_4_11_0.0_11__12	TSPY4|ENST00000426950	100.000	199	0	0	1	199	116	314	1.61e-154	424
transcript_52_support_5_4_0.0007602881433105427_6_(D_408_2);(D_409_1);(D_410_1);(D_411_1);(D_412_1)_3	BPY2B|ENST00000615850	100.000	57	0	0	1	57	50	106	1.34e-37	114
transcript_52_support_7_7_not_tested_7__2	DAZ4|ENST00000415508	100.000	70	0	0	1	70	297	366	2.21e-48	150
transcript_52_support_4_6_not_tested_6__127	PRYP3|ENST00000343584	100.000	86	0	0	21	106	62	147	2.16e-62	181
transcript_52_support_3_4_1.3748029170837328e-11_22_(S_442_1)_7	TSPY9P|ENST00000440215	100.000	109	0	0	1	109	206	314	4.57e-83	239
transcript_52_support_6_6_not_tested_6__8	RBMY1B|ENST00000619219	100.000	192	0	0	1	192	268	459	9.41e-135	379
transcript_520_support_4_5_2.2543186602868082e-23_8_(S_186_1)_13	TSPY9P|ENST00000440215	100.000	227	0	0	1	227	88	314	5.49e-176	479
transcript_521_support_5_6_not_tested_6__16	TSPY10|ENST00000428845	100.000	286	0	0	1	286	23	308	0.0	592
transcript_522_support_3_4_not_tested_4__14	TSPY4|ENST00000426950	100.000	219	0	0	1	219	96	314	1.81e-170	465
transcript_53_support_4_6_not_tested_6__4	TSPY9P|ENST00000440215	98.182	55	1	0	1	55	227	281	9.11e-38	120
transcript_53_support_57_60_not_tested_60__4	PRYP3|ENST00000343584	100.000	75	0	0	1	75	73	147	2.56e-53	156
transcript_53_support_6_13_5.403051412796691e-41_25_(S_386_1)_7	TSPY9P|ENST00000440215	100.000	109	0	0	1	109	206	314	4.57e-83	239
transcript_53_support_3_2_2.5734486679529797e-44_12_(S_75_1);(D_188_1);(I_190_2);(S_447_1);(I_494_2)_4	VCY1B|ENST00000250823	95.652	69	3	0	1	69	48	116	2.79e-42	131
transcript_53_support_2_2_not_tested_2__9	RBMY1E|ENST00000382659	100.000	217	0	0	1	217	280	496	7.79e-153	427
transcript_54_support_6_6_1.2890561473902964e-14_65_(S_403_1)_4	PRYP3|ENST00000343584	100.000	75	0	0	1	75	73	147	2.56e-53	156
transcript_54_support_3_4_1.9694100085055998e-08_138_(S_179_1)_3	DAZ4|ENST00000415508	100.000	88	0	0	1	88	279	366	3.72e-61	184
transcript_54_support_4_4_not_tested_4__54	PRYP3|ENST00000343584	100.000	86	0	0	21	106	62	147	2.16e-62	181
transcript_54_support_5_7_not_tested_7__13	BPY2B|ENST00000615850	100.000	106	0	0	7	112	1	106	2.07e-77	217
transcript_54_support_5_6_1.2905141814266937e-25_10_(S_59_1)_9	VCY1B|ENST00000250823	93.966	116	7	0	43	158	1	116	8.54e-63	186
transcript_54_support_4_4_1.0718818862397376e-12_6_(S_58_1)_42	CDY2B|ENST00000382867	99.781	456	1	0	4	459	86	541	0.0	948
transcript_55_support_3_1_2.851120184197545e-28_2_(S_680_1);(S_889_1);(D_1038_2);(D_1039_2);(D_1040_2);(S_1142_1);(S_1335_1);(D_1545_9);(S_1711_1)_110	PRYP3|ENST00000343584	100.000	86	0	0	21	106	62	147	2.16e-62	181
transcript_55_support_6_11_not_tested_11__9	VCY1B|ENST00000250823	93.103	116	8	0	43	158	1	116	4.33e-63	185
transcript_556_support_4_4_not_tested_4__14	TSPY9P|ENST00000440215	98.013	151	3	0	3	153	164	314	1.27e-113	318
transcript_56_support_7_7_not_tested_7__4	PRYP3|ENST00000343584	100.000	66	0	0	1	66	82	147	7.46e-46	137
transcript_56_support_3_3_not_tested_3__19	DAZ4|ENST00000415508	82.653	196	34	0	80	275	1	196	1.28e-92	276
transcript_56_support_9_11_2.384650305503139e-33_20_(S_70_1)_46	CDY2B|ENST00000382867	100.000	541	0	0	76	616	1	541	0.0	1132
transcript_57_support_2_2_0.0011477300291751543_138_(S_501_1)_3	DAZ4|ENST00000415508	100.000	88	0	0	1	88	279	366	3.72e-61	184
transcript_57_support_3_3_not_tested_3__7	PRYP3|ENST00000343584	100.000	86	0	0	6	91	62	147	2.32e-62	180
transcript_57_support_7_7_not_tested_7__47	CDY1B|ENST00000306882	100.000	554	0	0	76	629	1	554	0.0	1158
transcript_58_support_5_5_8.480196578131429e-20_8_(S_810_1)_8	PRYP3|ENST00000343584	100.000	85	0	0	1	85	63	147	1.14e-61	177
transcript_58_support_2_4_0.00987499641819573_139_(I_510_4)_3	DAZ4|ENST00000415508	100.000	88	0	0	1	88	279	366	3.72e-61	184
transcript_588_support_6_5_2.245855685285038e-34_44_(S_9_1);(I_285_3);(S_310_1)_5	TSPY2|ENST00000320701	100.000	68	0	0	1	68	241	308	2.54e-49	150
transcript_59_support_89_89_not_tested_89__4	RBMY1E|ENST00000382658	100.000	53	0	0	1	53	407	459	6.79e-33	110
transcript_59_support_6_6_not_tested_6__10	BPY2B|ENST00000615850	95.294	85	4	0	11	95	22	106	3.90e-55	160
transcript_593_support_5_11_not_tested_11__8	TSPY9P|ENST00000440215	100.000	135	0	0	1	135	180	314	3.81e-104	293
transcript_596_support_3_3_not_tested_3__6	TSPY4|ENST00000383008	100.000	109	0	0	1	109	192	300	3.14e-83	239
transcript_5_support_2_3_1.3692671195650834e-15_38_(S_155_1);(I_259_3)_4	TSPY4|ENST00000426950	100.000	57	0	0	1	57	258	314	6.82e-41	129
transcript_5_support_3_3_not_tested_3__2	DAZ4|ENST00000415508	100.000	59	0	0	1	59	308	366	9.63e-41	129
transcript_5_support_13_25_7.98164656632621e-110_27_(S_38_1)_4	PRYP3|ENST00000343584	100.000	67	0	0	1	67	81	147	8.81e-47	139
transcript_5_support_2_2_4.800346997419999e-12_3_(I_10_1)_68	XKRY|AF000997.1	94.915	59	3	0	15	73	101	159	2.44e-39	121
transcript_5_support_3_3_not_tested_3__3	DAZ2|ENST00000449947	100.000	71	0	0	1	71	216	286	4.57e-43	137
transcript_5_support_3_3_not_tested_3__3	DAZ2|ENST00000449947	92.958	71	5	0	1	71	264	334	3.80e-39	127
transcript_5_support_3_3_not_tested_3__3	DAZ2|ENST00000449947	80.282	71	14	0	1	71	240	310	3.96e-33	111
transcript_5_support_3_3_not_tested_3__3	DAZ2|ENST00000449947	80.282	71	14	0	1	71	288	358	1.96e-32	109
transcript_5_support_3_3_not_tested_3__3	DAZ2|ENST00000449947	77.465	71	16	0	1	71	168	238	3.00e-31	106
transcript_5_support_5_5_not_tested_5__24	PRY2|ENST00000472391	98.592	71	1	0	15	85	1	71	1.62e-49	144
transcript_5_support_5_5_not_tested_5__32	PRYP3|ENST00000343584	100.000	85	0	0	1	85	63	147	1.14e-61	177
transcript_5_support_5_3_9.343928759893718e-11_25_(D_533_1)_6	RBMY1E|ENST00000382658	100.000	90	0	0	1	90	370	459	3.59e-61	186
transcript_5_support_3_3_not_tested_3__30	BPY2B|ENST00000615850	95.294	85	4	0	11	95	22	106	3.90e-55	160
transcript_5_support_6_6_not_tested_6__20	RBMY1E|ENST00000382658	100.000	99	0	0	25	123	361	459	3.19e-68	206
transcript_5_support_2_2_4.800346997419999e-12_3_(I_10_1)_65	XKRY|AF000997.1	100.000	104	0	0	8	111	1	104	6.29e-73	208
transcript_5_support_9_7_2.0064204946287433e-08_10_(D_1316_9)_2	DAZ3|ENST00000446723	100.000	155	0	0	1	155	236	390	5.38e-108	307
transcript_5_support_9_7_2.0064204946287433e-08_10_(D_1316_9)_2	DAZ3|ENST00000446723	77.165	127	29	0	3	129	166	292	3.81e-57	177
transcript_5_support_4_4_not_tested_4__37	XKRY|AF000997.1	50.000	144	63	4	37	177	12	149	2.73e-31	108
transcript_5_support_3_7_not_tested_7__22	XKRY|AF000997.1	48.052	154	71	4	84	234	12	159	6.67e-31	108
transcript_5_support_3_2_3.182863818422578e-20_4_(S_909_1);(D_1275_1)_27	HSFY2|ENST00000304790	100.000	380	0	0	1	380	22	401	0.0	790
transcript_5_support_5_5_not_tested_5__34	CDY1B|ENST00000382407	100.000	486	0	0	1	486	55	540	0.0	1008
transcript_60_support_132_136_not_tested_136__3	DAZ4|ENST00000415508	100.000	88	0	0	1	88	279	366	3.72e-61	184
transcript_60_support_2_2_1.2088775373512895e-06_162_(S_24_1);(I_421_3)_6	VCY1B|ENST00000250823	100.000	125	0	0	12	136	1	125	1.05e-82	232
transcript_60_support_4_3_not_tested_3__11	DAZ4|ENST00000415508	77.551	98	22	0	8	105	99	196	2.72e-36	124
transcript_601_support_3_2_3.4664945372163594e-23_7_(S_229_1);(S_604_1)_10	TSPY9P|ENST00000440215	100.000	83	0	0	33	115	232	314	3.28e-62	186
transcript_61_support_3_3_2.721106158219396e-07_183_(S_308_1)_4	RBMY1E|ENST00000382658	100.000	53	0	0	1	53	407	459	6.79e-33	110
transcript_61_support_4_4_not_tested_4__13	PRYP3|ENST00000343584	100.000	124	0	0	23	146	24	147	6.90e-92	257
transcript_61_support_3_3_not_tested_3__6	VCY1B|ENST00000250823	93.043	115	8	0	1	115	2	116	5.57e-62	182
transcript_61_support_6_8_not_tested_8__46	CDY1B|ENST00000382407	100.000	540	0	0	76	615	1	540	0.0	1128
transcript_613_support_5_5_not_tested_5__15	TSPY2|ENST00000429039	81.176	85	8	1	6	82	74	158	1.97e-43	135
transcript_613_support_5_5_not_tested_5__21	TSPY9P|ENST00000440215	100.000	83	0	0	33	115	232	314	3.28e-62	186
transcript_618_support_3_18_0.0_18__8	TSPY9P|ENST00000440215	100.000	119	0	0	1	119	196	314	1.36e-91	261
transcript_62_support_2_2_0.0001527297580756743_182_(S_351_1)_4	RBMY1E|ENST00000382658	100.000	53	0	0	1	53	407	459	6.79e-33	110
transcript_62_support_3_3_1.445147108565568e-06_138_(S_505_1)_3	DAZ4|ENST00000415508	100.000	88	0	0	1	88	279	366	3.72e-61	184
transcript_62_support_5_19_0.0_19__39	PRYP3|ENST00000343584	100.000	86	0	0	21	106	62	147	2.16e-62	181
transcript_621_support_3_4_0.0_4__11	TSPY4|ENST00000426950	100.000	186	0	0	1	186	129	314	2.14e-145	400
transcript_622_support_4_4_0.0010728258375063409_6_(D_308_1);(D_309_1);(D_310_1);(D_311_1);(D_312_2);(D_313_2);(D_314_1)_11	TSPY2|ENST00000320701	98.780	82	1	0	11	92	227	308	1.89e-60	180
transcript_622_support_4_4_0.0010728258375063409_6_(D_308_1);(D_309_1);(D_310_1);(D_311_1);(D_312_2);(D_313_2);(D_314_1)_8	TSPY4|ENST00000383008	70.391	179	33	3	1	166	129	300	3.12e-84	244
transcript_625_support_5_12_1.379219993894434e-35_25_(S_398_1)_7	TSPY9P|ENST00000440215	100.000	105	0	0	1	105	210	314	7.57e-80	230
transcript_63_support_2_2_2.3425028166036154e-05_182_(S_371_1)_4	RBMY1E|ENST00000382658	100.000	53	0	0	1	53	407	459	6.79e-33	110
transcript_63_support_2_3_1.4883470920380214e-14_5_(S_37_1)_110	PRYP3|ENST00000343584	100.000	86	0	0	21	106	62	147	2.16e-62	181
transcript_631_support_3_22_0.0_22__7	TSPY9P|ENST00000440215	100.000	106	0	0	1	106	209	314	1.59e-80	232
transcript_635_support_2_4_7.143348970584777e-24_6_(S_210_1)_10	TSPY9P|ENST00000440215	100.000	83	0	0	33	115	232	314	3.28e-62	186
transcript_636_support_2_2_1.0690804860896087e-11_6_(S_210_1)_10	TSPY8|ENST00000287721	100.000	83	0	0	33	115	226	308	1.39e-61	184
transcript_64_support_2_2_4.884911636436242e-05_182_(S_373_1)_4	RBMY1E|ENST00000382658	100.000	53	0	0	1	53	407	459	6.79e-33	110
transcript_64_support_2_3_1.1309273483944845e-26_107_(S_32_1);(S_149_1);(S_450_1)_7	VCY1B|ENST00000250823	93.966	116	7	0	22	137	1	116	5.94e-63	186
transcript_65_support_165_180_not_tested_180__4	RBMY1E|ENST00000382658	100.000	53	0	0	1	53	407	459	6.79e-33	110
transcript_65_support_18_18_not_tested_18__2	DAZ3|ENST00000446723	100.000	144	0	0	1	144	247	390	3.11e-100	286
transcript_65_support_18_18_not_tested_18__2	DAZ3|ENST00000446723	77.966	118	26	0	1	118	175	292	2.81e-53	166
transcript_65_support_18_18_not_tested_18__2	DAZ3|ENST00000446723	74.757	103	26	0	16	118	166	268	2.08e-42	138
transcript_65_support_2_3_1.7645599773605975e-05_45_(S_76_1)_7	VCY1B|ENST00000250823	94.828	116	6	0	12	127	1	116	5.59e-64	188
transcript_65_support_2_2_2.6649319070444292e-05_6_(S_58_1)_42	CDY2B|ENST00000382867	99.781	456	1	0	4	459	86	541	0.0	948
transcript_66_support_3_3_4.8943380713278634e-05_178_(D_439_1)_4	RBMY1E|ENST00000382658	100.000	53	0	0	1	53	407	459	6.79e-33	110
transcript_66_support_16_16_not_tested_16__3	BPY2B|ENST00000615850	100.000	60	0	0	1	60	47	106	5.80e-40	120
transcript_66_support_9_15_not_tested_15__9	HSFY2|ENST00000344884	100.000	49	0	0	8	56	1	49	1.98e-32	104
transcript_66_support_3_4_0.0008438989928713335_7_(I_1300_10)_107	PRYP3|ENST00000343584	100.000	86	0	0	21	106	62	147	2.16e-62	181
transcript_66_support_3_8_not_tested_8__17	DAZ4|ENST00000415508	81.169	154	29	0	36	189	43	196	1.77e-72	221
transcript_66_support_9_15_not_tested_15__30	HSFY2|ENST00000304790	100.000	320	0	0	7	326	82	401	0.0	664
transcript_67_support_8_8_not_tested_8__3	BPY2B|ENST00000615850	100.000	70	0	0	1	70	37	106	1.13e-47	140
transcript_67_support_4_3_5.1094634477129976e-05_7_(D_1300_10)_106	PRYP3|ENST00000343584	100.000	86	0	0	21	106	62	147	2.16e-62	181
transcript_67_support_2_75_not_tested_75__6	VCY1B|ENST00000250823	93.966	116	7	0	22	137	1	116	6.41e-63	186
transcript_68_support_2_2_0.0005428106411318969_180_(S_267_1)_4	RBMY1E|ENST00000382658	100.000	53	0	0	1	53	407	459	6.79e-33	110
transcript_68_support_7_7_not_tested_7__8	CDY1B|ENST00000382407	100.000	88	0	0	1	88	52	139	2.02e-57	178
transcript_68_support_3_3_not_tested_3__16	BPY2B|ENST00000615850	95.294	85	4	0	11	95	22	106	3.90e-55	160
transcript_68_support_3_3_2.286088434051888e-06_6_(S_435_1)_106	PRYP3|ENST00000343584	100.000	86	0	0	21	106	62	147	2.16e-62	181
transcript_68_support_3_3_not_tested_3__3	DAZ4|ENST00000634662	100.000	124	0	0	1	124	456	579	9.34e-85	252
transcript_68_support_3_3_not_tested_3__3	DAZ4|ENST00000634662	82.653	98	17	0	1	98	384	481	3.43e-46	150
transcript_68_support_3_3_not_tested_3__3	DAZ4|ENST00000634662	77.551	98	22	0	1	98	360	457	9.42e-43	141
transcript_68_support_3_3_not_tested_3__3	DAZ4|ENST00000634662	79.348	92	19	0	1	92	336	427	8.40e-41	136
transcript_68_support_11_21_2.0060577053360476e-66_64_(S_2_1)_7	VCY1B|ENST00000250823	93.103	116	8	0	12	127	1	116	2.90e-63	184
transcript_68_support_3_1_7.304603820279165e-10_39_(S_32_1);(I_386_2);(S_450_1)_12	VCY1B|ENST00000250823	94.444	108	6	0	22	129	1	108	2.85e-56	171
transcript_68_support_2_6_not_tested_6__16	DAZ4|ENST00000415508	82.653	196	34	0	39	234	1	196	6.03e-93	275
transcript_69_support_3_3_0.00010562977535780058_181_(S_223_1)_4	RBMY1E|ENST00000382658	100.000	53	0	0	1	53	407	459	6.79e-33	110
transcript_69_support_9_9_not_tested_9__23	BPY2B|ENST00000615850	95.294	85	4	0	11	95	22	106	3.90e-55	160
transcript_69_support_2_1_5.391096202268523e-09_12_(S_609_1);(D_659_1)_7	VCY1B|ENST00000250823	92.241	116	9	0	12	127	1	116	5.55e-62	183
transcript_69_support_2_1_0.00015144761501372888_3_(I_1054_1)_21	XKRY|AF000997.1	48.052	154	71	4	48	198	12	159	2.78e-31	108
transcript_6_support_3_3_not_tested_3__5	PRY2|ENST00000472391	100.000	66	0	0	1	66	6	71	1.33e-46	136
transcript_6_support_2_1_0.0029603811387786147_3_(D_10_1);(D_11_1)_68	XKRY|AF000997.1	94.915	59	3	0	15	73	101	159	2.44e-39	121
transcript_6_support_2_2_not_tested_2__5	XKRY|AF000997.1	94.915	59	3	0	15	73	101	159	2.44e-39	121
transcript_6_support_2_2_not_tested_2__2	XKRY|AF000997.1	100.000	66	0	0	1	66	39	104	5.45e-43	130
transcript_6_support_3_3_not_tested_3__13	PRYP3|ENST00000343584	100.000	85	0	0	1	85	63	147	1.14e-61	177
transcript_6_support_2_1_0.0029603811387786147_3_(D_10_1);(D_11_1)_65	XKRY|AF000997.1	100.000	104	0	0	8	111	1	104	6.29e-73	208
transcript_6_support_4_4_not_tested_4__6	DAZ4|ENST00000634662	98.864	176	2	0	1	176	387	562	1.86e-116	337
transcript_6_support_4_4_not_tested_4__6	DAZ4|ENST00000634662	78.808	151	32	0	17	167	331	481	2.34e-70	218
transcript_6_support_3_3_not_tested_3__17	HSFY1|ENST00000382856	100.000	214	0	0	8	221	1	214	4.01e-162	440
transcript_6_support_3_3_not_tested_3__22	RBMY1F|ENST00000454978	100.000	459	0	0	38	496	1	459	0.0	920
transcript_70_support_5_6_0.0016625245113212755_185_(D_215_5)_4	RBMY1E|ENST00000382658	100.000	53	0	0	1	53	407	459	6.79e-33	110
transcript_70_support_6_7_1.556700966017151e-10_18_(D_1145_7)_102	PRYP3|ENST00000343584	100.000	76	0	0	21	96	62	137	1.94e-53	157
transcript_70_support_2_3_4.264018039351036e-09_7_(S_225_1)_13	BPY2B|ENST00000615850	100.000	106	0	0	7	112	1	106	2.07e-77	217
transcript_70_support_3_5_2.2857647825762157e-198_6_(S_2_1);(S_30_1);(S_76_1);(S_81_1);(S_121_1);(S_159_1);(S_171_1);(S_182_1)_5	VCY1B|ENST00000250823	98.276	116	2	0	12	127	1	116	1.41e-75	215
transcript_70_support_6_8_1.6175495441230471e-25_11_(S_123_1)_3	DAZ3|ENST00000382365	99.142	233	2	0	1	233	206	438	5.72e-160	444
transcript_70_support_2_2_4.1833017349681236e-07_3_(D_1054_1)_21	XKRY|AF000997.1	48.052	154	71	4	48	198	12	159	2.78e-31	108
transcript_70_support_6_5_1.4748394153058358e-24_9_(I_2971_1)_17	DAZ4|ENST00000415508	82.653	196	34	0	73	268	1	196	1.40e-92	275
transcript_70_support_4_17_0.0_17__22	RBMY1A1|ENST00000303902	100.000	459	0	0	17	475	1	459	0.0	920
transcript_71_support_4_4_9.722285571962111e-05_183_(S_142_1)_4	RBMY1E|ENST00000382658	100.000	53	0	0	1	53	407	459	6.79e-33	110
transcript_71_support_3_3_not_tested_3__14	BPY2B|ENST00000615850	95.294	85	4	0	11	95	22	106	3.90e-55	160
transcript_71_support_7_4_1.9476509708424838e-06_8_(I_1303_9)_106	PRYP3|ENST00000343584	100.000	86	0	0	21	106	62	147	2.16e-62	181
transcript_71_support_2_2_6.508594782492018e-08_51_(S_111_1);(I_421_3)_6	VCY1B|ENST00000250823	100.000	125	0	0	12	136	1	125	1.05e-82	232
transcript_71_support_4_4_not_tested_4__7	VCY1B|ENST00000250823	93.966	116	7	0	22	137	1	116	3.07e-63	185
transcript_71_support_3_3_6.934365302753149e-10_11_(S_123_1)_3	DAZ3|ENST00000382365	98.712	233	3	0	1	233	206	438	3.96e-159	442
transcript_71_support_3_4_1.586149652130075e-17_9_(D_2971_1)_17	DAZ4|ENST00000415508	82.653	196	34	0	73	268	1	196	1.40e-92	275
transcript_72_support_2_2_3.7039742730278002e-06_91_(S_82_1)_4	RBMY1E|ENST00000382658	100.000	53	0	0	1	53	407	459	6.79e-33	110
transcript_72_support_8_20_0.0_20__5	BPY2B|ENST00000615850	100.000	84	0	0	1	84	23	106	1.55e-58	168
transcript_73_support_3_3_0.0001504944607409637_183_(S_35_1)_4	RBMY1B|ENST00000619219	98.113	53	1	0	1	53	407	459	8.93e-32	107
transcript_73_support_2_1_4.651980843007258e-06_3_(S_25_1)_3	BPY2B|ENST00000615850	98.276	58	1	0	1	58	49	106	2.70e-38	116
transcript_73_support_9_33_6.334294039109172e-132_35_(S_268_1)_8	VCY1B|ENST00000250823	100.000	125	0	0	43	167	1	125	1.61e-82	233
transcript_73_support_3_3_not_tested_3__35	DAZ4|ENST00000382314	99.819	553	1	0	1	553	51	603	0.0	1110
transcript_73_support_3_3_not_tested_3__35	DAZ4|ENST00000382314	94.413	179	9	1	117	295	2	179	3.51e-112	340
transcript_74_support_2_3_0.0014562280005478445_183_(S_12_1)_4	RBMY1B|ENST00000619219	98.113	53	1	0	1	53	407	459	9.78e-32	107
transcript_74_support_2_2_5.41024069984797e-12_3_(S_25_1)_3	BPY2B|ENST00000615850	100.000	58	0	0	1	58	49	106	9.12e-39	117
transcript_74_support_7_9_not_tested_9__7	VCY1B|ENST00000250823	93.966	116	7	0	12	127	1	116	3.05e-63	186
transcript_75_support_2_2_3.2049115344778987e-06_35_(S_268_1)_8	VCY1B|ENST00000250823	100.000	125	0	0	43	167	1	125	1.61e-82	233
transcript_75_support_5_7_6.999162841182626e-14_29_(S_613_1)_7	VCY1B|ENST00000250823	93.966	116	7	0	12	127	1	116	3.28e-63	186
transcript_75_support_5_5_not_tested_5__22	XKRY|AF000997.1	48.052	154	71	4	75	225	12	159	5.87e-31	108
transcript_75_support_3_3_not_tested_3__20	DAZ4|ENST00000682740	91.732	508	18	1	12	495	216	723	0.0	871
transcript_75_support_3_3_not_tested_3__20	DAZ4|ENST00000682740	92.308	130	9	1	12	141	51	179	2.08e-65	218
transcript_76_support_8_13_not_tested_13__6	RBMY1F|ENST00000454978	100.000	88	0	0	1	88	372	459	1.65e-59	182
transcript_76_support_4_4_3.198340807407854e-33_12_(S_465_1);(S_674_1)_39	PRYP3|ENST00000343584	100.000	86	0	0	21	106	62	147	2.16e-62	181
transcript_76_support_3_2_1.1328332288700616e-18_5_(S_450_1);(D_541_1)_7	VCY1B|ENST00000250823	93.966	116	7	0	22	137	1	116	4.05e-63	186
transcript_76_support_3_5_not_tested_5__20	XKRY|AF000997.1	48.052	154	71	4	38	188	12	159	2.48e-31	108
transcript_77_support_3_2_1.1227063171145358e-08_6_(S_442_1)_7	VCY1B|ENST00000250823	93.966	116	7	0	22	137	1	116	3.38e-63	185
transcript_77_support_2_43_not_tested_43__7	VCY1B|ENST00000250823	93.966	116	7	0	12	127	1	116	3.28e-63	186
transcript_78_support_3_3_5.02292724533712e-09_11_(S_1135_1)_6	HSFY2|ENST00000344884	100.000	49	0	0	3	51	1	49	2.27e-32	104
transcript_78_support_55_65_not_tested_65__13	BPY2B|ENST00000615850	82.022	89	15	1	7	95	1	88	6.08e-49	144
transcript_78_support_3_22_2.0228271720890937e-49_29_(S_613_1)_7	VCY1B|ENST00000250823	93.966	116	7	0	12	127	1	116	3.50e-63	186
transcript_78_support_2_2_1.1791385978815991e-20_5_(S_450_1);(I_541_1)_12	VCY1B|ENST00000250823	93.966	116	7	0	22	137	1	116	7.17e-62	184
transcript_78_support_3_3_5.02292724533712e-09_11_(S_1135_1)_27	HSFY2|ENST00000304790	100.000	320	0	0	7	326	82	401	0.0	664
transcript_79_support_2_2_1.0337984002719395e-05_67_(S_1418_1)_13	BPY2B|ENST00000615850	82.022	89	15	1	7	95	1	88	6.08e-49	144
transcript_79_support_3_3_not_tested_3__105	PRYP3|ENST00000343584	98.837	86	1	0	21	106	62	147	1.14e-61	179
transcript_7_support_2_2_3.29959496847613e-10_4_(S_299_1)_2	DAZ4|ENST00000415508	100.000	60	0	0	1	60	307	366	2.00e-41	131
transcript_7_support_3_5_3.323886112880531e-25_7_(S_30_1)_4	TSPY4|ENST00000383008	100.000	72	0	0	1	72	229	300	9.90e-54	162
transcript_7_support_3_62_not_tested_62__5	VCY1B|ENST00000250823	100.000	89	0	0	1	89	37	125	1.24e-58	169
transcript_7_support_15_13_7.643034159723462e-81_41_(S_1254_1);(I_2211_1)_4	DAZ4|ENST00000415508	100.000	107	0	0	1	107	260	366	7.76e-75	219
transcript_7_support_15_13_7.643034159723462e-81_41_(S_1254_1);(I_2211_1)_4	DAZ4|ENST00000415508	80.247	81	16	0	1	81	188	268	1.12e-36	121
transcript_7_support_3_7_not_tested_7__7	VCY1B|ENST00000250823	92.241	116	9	0	12	127	1	116	1.71e-62	182
transcript_7_support_3_3_not_tested_3__6	DAZ4|ENST00000415508	92.708	96	7	0	1	96	251	346	2.47e-57	177
transcript_7_support_3_3_not_tested_3__6	DAZ4|ENST00000415508	78.652	89	19	0	2	90	180	268	3.78e-39	129
transcript_7_support_3_2_not_tested_2__25	HSFY2|ENST00000304790	100.000	320	0	0	7	326	82	401	0.0	664
transcript_80_support_2_2_0.00015709592482221658_66_(S_1337_1)_13	BPY2B|ENST00000615850	82.022	89	15	1	7	95	1	88	6.08e-49	144
transcript_80_support_3_2_2.2097606558860137e-14_7_(S_547_1);(S_756_1)_40	PRYP3|ENST00000343584	100.000	86	0	0	21	106	62	147	2.16e-62	181
transcript_80_support_2_2_7.284655017919924e-19_4_(S_446_1);(S_494_1)_6	VCY1B|ENST00000250823	100.000	125	0	0	22	146	1	125	2.49e-82	232
transcript_80_support_3_5_1.831106201467718e-11_312_(S_32_1)_6	VCY1B|ENST00000250823	100.000	125	0	0	22	146	1	125	2.49e-82	232
transcript_80_support_7_9_not_tested_9__12	HSFY2|ENST00000344884	100.000	150	0	0	3	152	1	150	6.46e-113	312
transcript_80_support_3_5_not_tested_5__22	RBMY1A1|ENST00000303902	100.000	459	0	0	17	475	1	459	0.0	920
transcript_81_support_2_2_3.335144109525967e-05_67_(S_1222_1)_13	BPY2B|ENST00000615850	82.022	89	15	1	7	95	1	88	6.08e-49	144
transcript_81_support_3_4_not_tested_4__6	VCY1B|ENST00000250823	100.000	99	0	0	10	108	27	125	1.64e-65	187
transcript_81_support_2_2_7.284655017919924e-19_4_(S_446_1);(S_494_1)_6	VCY1B|ENST00000250823	100.000	125	0	0	22	146	1	125	2.49e-82	232
transcript_81_support_3_3_not_tested_3__15	HSFY2|ENST00000344884	99.398	166	1	0	1	166	7	172	1.54e-122	338
transcript_81_support_3_3_not_tested_3__45	HSFY2|ENST00000304790	100.000	230	0	0	1	230	172	401	6.66e-174	478
transcript_82_support_2_3_1.1529864703904336e-07_311_(S_132_1)_6	VCY1B|ENST00000250823	99.200	125	1	0	22	146	1	125	2.52e-81	229
transcript_83_support_3_5_not_tested_5__2	DAZ4|ENST00000415508	100.000	69	0	0	1	69	298	366	1.02e-47	148
transcript_83_support_7_7_2.0882371124640526e-244_12_(S_3_1);(S_60_1);(S_106_1);(S_111_1);(S_151_1);(S_180_1);(S_189_1);(S_201_1)_5	VCY1B|ENST00000250823	98.276	116	2	0	22	137	1	116	2.68e-75	215
transcript_83_support_3_3_7.46909729139071e-47_76_(S_149_1);(D_384_1);(I_386_2);(S_643_1);(I_690_2);(D_692_1)_7	VCY1B|ENST00000250823	93.103	116	8	0	22	137	1	116	1.75e-62	185
transcript_84_support_2_2_2.4385135080883243e-06_6_(I_187_1)_110	PRYP3|ENST00000343584	100.000	86	0	0	21	106	62	147	2.16e-62	181
transcript_84_support_2_1_0.0029652583734476427_295_(I_190_3);(I_216_3);(I_222_5);(I_242_3)_6	VCY1B|ENST00000250823	78.947	95	19	1	31	125	32	125	1.33e-47	143
transcript_85_support_5_4_3.7987862676994585e-05_6_(D_187_1);(D_188_1)_110	PRYP3|ENST00000343584	100.000	86	0	0	21	106	62	147	2.16e-62	181
transcript_85_support_7_6_not_tested_6__4	VCY1B|ENST00000250823	67.470	83	22	1	37	114	43	125	1.23e-31	102
transcript_86_support_5_8_0.0_8__46	PRYP3|ENST00000343584	100.000	86	0	0	21	106	62	147	2.16e-62	181
transcript_86_support_3_3_not_tested_3__7	VCY1B|ENST00000250823	100.000	94	0	0	22	115	1	94	7.29e-60	175
transcript_86_support_2_2_0.00011596863358050897_75_(S_149_1);(I_204_4)_7	VCY1B|ENST00000250823	98.551	69	1	0	47	115	48	116	1.26e-42	134
transcript_86_support_3_3_not_tested_3__23	DAZ1|ENST00000405239	100.000	474	0	0	1	474	271	744	0.0	956
transcript_86_support_3_3_not_tested_3__23	DAZ1|ENST00000405239	95.833	240	9	1	1	240	106	344	9.24e-160	464
transcript_86_support_3_3_not_tested_3__23	DAZ1|ENST00000405239	94.413	179	9	1	62	240	2	179	1.04e-111	340
transcript_87_support_8_6_1.286304583362494e-05_13_(I_1219_7)_103	PRYP3|ENST00000343584	100.000	86	0	0	21	106	62	147	2.16e-62	181
transcript_89_support_6_8_not_tested_8__9	HSFY2|ENST00000344884	100.000	72	0	0	8	79	1	72	6.58e-50	149
transcript_89_support_5_4_2.340966339526658e-14_7_(S_230_1)_13	BPY2B|ENST00000615850	100.000	106	0	0	7	112	1	106	2.07e-77	217
transcript_89_support_3_5_0.00011124830027161697_51_(I_1749_9)_9	DAZ2|ENST00000382449	100.000	299	0	0	1	299	236	534	0.0	563
transcript_89_support_3_5_0.00011124830027161697_51_(I_1749_9)_9	DAZ2|ENST00000382449	85.978	271	38	0	3	273	166	436	9.66e-146	414
transcript_8_support_2_2_3.29959496847613e-10_4_(S_299_1)_2	DAZ4|ENST00000415508	100.000	60	0	0	1	60	307	366	2.00e-41	131
transcript_8_support_3_3_not_tested_3__8	TSPY9P|ENST00000440215	98.000	50	1	0	33	82	232	281	2.29e-34	113
transcript_8_support_5_11_not_tested_11__7	TSPY2|ENST00000320701	100.000	83	0	0	15	97	226	308	4.06e-62	185
transcript_8_support_13_25_not_tested_25__6	RBMY1F|ENST00000454978	100.000	98	0	0	1	98	362	459	6.59e-67	201
transcript_8_support_4_8_not_tested_8__28	XKRY|AF000997.1	100.000	104	0	0	8	111	1	104	6.29e-73	208
transcript_8_support_2_10_not_tested_10__7	VCY1B|ENST00000250823	94.828	116	6	0	10	125	1	116	1.29e-64	187
transcript_8_support_3_3_not_tested_3__17	XKRY|AF000997.1	48.052	154	71	4	6	156	12	159	1.18e-31	108
transcript_90_support_3_8_not_tested_8__5	RBMY1F|ENST00000454978	100.000	74	0	0	1	74	386	459	7.46e-49	153
transcript_91_support_16_42_not_tested_42__6	RBMY1B|ENST00000619219	100.000	121	0	0	1	121	339	459	4.94e-84	246
transcript_91_support_129_384_0.0_397_(D_343_5)_6	VCY1B|ENST00000250823	100.000	125	0	0	22	146	1	125	2.49e-82	232
transcript_91_support_4_4_not_tested_4__7	RBMY1F|ENST00000454978	100.000	146	0	0	1	146	314	459	1.40e-101	292
transcript_91_support_8_8_not_tested_8__9	DAZ3|ENST00000315357	77.228	101	23	0	1	101	96	196	1.30e-37	127
transcript_91_support_40_48_not_tested_48__9	DAZ2|ENST00000382449	100.000	299	0	0	1	299	236	534	0.0	563
transcript_91_support_40_48_not_tested_48__9	DAZ2|ENST00000382449	85.978	271	38	0	3	273	166	436	9.66e-146	414
transcript_91_support_4_4_not_tested_4__25	HSFY2|ENST00000344884	100.000	172	0	0	8	179	1	172	4.11e-127	355
transcript_92_support_3_7_not_tested_7__12	VCY1B|ENST00000250823	94.118	102	6	0	14	115	15	116	2.36e-54	162
transcript_93_support_5_9_not_tested_9__4	RBMY1B|ENST00000619219	100.000	64	0	0	1	64	396	459	2.58e-41	133
transcript_93_support_3_3_3.913635316271885e-32_8_(S_269_1);(D_382_1);(D_572_1)_7	VCY1B|ENST00000250823	92.241	116	9	0	21	136	1	116	5.97e-62	182
transcript_93_support_2_4_0.008601726560044728_52_(I_1476_6)_9	DAZ2|ENST00000382449	100.000	299	0	0	1	299	236	534	0.0	563
transcript_93_support_2_4_0.008601726560044728_52_(I_1476_6)_9	DAZ2|ENST00000382449	85.978	271	38	0	3	273	166	436	9.66e-146	414
transcript_95_support_2_2_2.351991364621794e-06_50_(S_785_1)_9	DAZ2|ENST00000382449	99.666	299	1	0	1	299	236	534	0.0	559
transcript_95_support_2_2_2.351991364621794e-06_50_(S_785_1)_9	DAZ2|ENST00000382449	86.347	271	37	0	3	273	166	436	5.88e-147	417
transcript_96_support_3_5_3.67433523500817e-14_64_(S_572_1)_10	PRYP3|ENST00000343584	100.000	85	0	0	1	85	63	147	1.14e-61	177
transcript_96_support_6_7_not_tested_7__6	BPY2B|ENST00000615850	95.294	85	4	0	11	95	22	106	3.90e-55	160
transcript_96_support_2_2_2.567409920138001e-05_50_(S_689_1)_9	DAZ2|ENST00000382449	99.666	299	1	0	1	299	236	534	0.0	562
transcript_96_support_2_2_2.567409920138001e-05_50_(S_689_1)_9	DAZ2|ENST00000382449	85.609	271	39	0	3	273	166	436	2.14e-145	413
transcript_97_support_9_9_not_tested_9__3	BPY2B|ENST00000615850	100.000	51	0	0	1	51	56	106	2.99e-33	103
transcript_97_support_2_2_1.4261972831120451e-05_61_(S_810_1)_10	PRYP3|ENST00000343584	100.000	85	0	0	1	85	63	147	1.14e-61	177
transcript_97_support_8_8_not_tested_8__106	PRYP3|ENST00000343584	100.000	86	0	0	21	106	62	147	2.16e-62	181
transcript_97_support_3_2_1.5117908378342592e-26_8_(S_269_1);(I_382_1);(I_571_1)_10	VCY1B|ENST00000250823	94.444	108	6	0	21	128	1	108	5.65e-57	171
transcript_97_support_3_8_2.04664599037776e-18_49_(I_419_2)_12	VCY1B|ENST00000250823	93.966	116	7	0	10	125	1	116	1.67e-61	184
transcript_97_support_9_9_not_tested_9__8	DAZ2|ENST00000382440	97.214	323	9	0	1	323	332	654	0.0	586
transcript_97_support_9_9_not_tested_9__8	DAZ2|ENST00000382440	91.246	297	26	0	1	297	212	508	2.41e-170	482
transcript_97_support_9_9_not_tested_9__8	DAZ2|ENST00000382440	87.797	295	36	0	3	297	166	460	2.29e-161	459
transcript_97_support_3_1_0.0004542831790992951_14_(I_1375_6);(D_1433_1)_32	HSFY2|ENST00000304790	100.000	401	0	0	8	408	1	401	0.0	832
transcript_98_support_4_4_not_tested_4__2	DAZ4|ENST00000415508	100.000	59	0	0	1	59	308	366	9.63e-41	129
transcript_98_support_59_59_not_tested_59__10	PRYP3|ENST00000343584	100.000	85	0	0	1	85	63	147	1.14e-61	177
transcript_98_support_3_3_not_tested_3__24	BPY2B|ENST00000615850	100.000	106	0	0	7	112	1	106	2.07e-77	217
transcript_98_support_3_3_not_tested_3__8	RBMY1B|ENST00000619219	100.000	178	0	0	1	178	282	459	1.98e-124	352
transcript_99_support_5_6_4.039919699573164e-21_10_(S_2065_1)_2	DAZ4|ENST00000415508	100.000	59	0	0	1	59	308	366	9.63e-41	129
transcript_99_support_2_7_0.001388538235568904_169_(I_188_5)_7	VCY1B|ENST00000250823	82.353	85	15	0	31	115	32	116	3.70e-45	137
transcript_99_support_9_7_7.970570939529783e-166_194_(S_491_1);(S_500_1);(D_505_1);(I_507_1);(S_510_1);(S_513_1);(S_536_1);(S_537_1)_6	VCY1B|ENST00000250823	100.000	125	0	0	22	146	1	125	2.49e-82	232
transcript_99_support_3_5_not_tested_5__7	VCY1B|ENST00000250823	93.966	116	7	0	10	125	1	116	2.16e-63	185
transcript_99_support_5_5_not_tested_5__7	VCY1B|ENST00000250823	92.241	116	9	0	22	137	1	116	8.45e-62	182
transcript_9_support_2_2_5.241758907949484e-07_19_(S_604_1)_2	DAZ4|ENST00000415508	100.000	59	0	0	1	59	308	366	9.63e-41	129
transcript_9_support_3_4_not_tested_4__46	CDY1B|ENST00000306882	100.000	554	0	0	76	629	1	554	0.0	1158
