transcript_0_support_5_5_not_tested_5__7	BPY2B|ENST00000615850	90.588	85	6	1	11	93	22	106	2.55e-49	145
transcript_0_support_4_7_not_tested_7__27	HSFY2|ENST00000304790	85.441	261	38	0	11	271	120	380	4.48e-164	456
transcript_10_support_2_5_not_tested_5__13	TSPY4|ENST00000640033	92.500	80	6	0	12	91	138	217	7.68e-55	163
transcript_10_support_2_3_1.9706360880372214e-08_11_(S_213_1)_12	HSFY2|ENST00000344884	82.022	89	16	0	8	96	1	89	4.09e-51	153
transcript_10_support_2_2_6.338644099585393e-08_10_(S_1119_1)_114	PRYP3|ENST00000343584	96.552	87	2	1	21	107	62	147	2.29e-58	170
transcript_10_support_2_5_not_tested_5__8	TSPY3|ENST00000440483	100.000	79	0	0	1	79	60	138	3.34e-57	167
transcript_10_support_2_2_2.0622055128401297e-09_4_(S_92_1)_4	DAZ3|ENST00000315357	91.736	121	10	0	1	121	226	346	4.69e-70	208
transcript_10_support_2_2_2.0622055128401297e-09_4_(S_92_1)_4	DAZ3|ENST00000315357	75.728	103	25	0	13	115	166	268	6.85e-44	140
transcript_10_support_5_27_0.0_27__34	HSFY2|ENST00000304790	96.023	176	7	0	5	180	226	401	1.03e-121	343
transcript_10_support_5_27_0.0_27__22	HSFY2|ENST00000304790	96.875	224	7	0	8	231	1	224	1.63e-164	454
transcript_10_support_2_3_1.9706360880372214e-08_11_(S_213_1)_32	HSFY2|ENST00000304790	85.441	261	38	0	11	271	120	380	4.48e-164	456
transcript_100_support_3_9_0.0_9__5	TSPY4|ENST00000640033	94.118	85	5	0	1	85	133	217	2.14e-59	174
transcript_100_support_3_3_not_tested_3__104	PRYP3|ENST00000343584	96.552	87	2	1	21	107	62	147	2.29e-58	170
transcript_100_support_3_8_2.2516343408065274e-32_20_(I_705_1)_10	TSPY4|ENST00000426950	97.765	179	4	0	1	179	131	309	3.36e-136	377
transcript_100_support_7_35_not_tested_35__6	VCY1B|ENST00000250823	75.000	140	11	1	5	144	1	116	3.62e-54	164
transcript_101_support_3_5_not_tested_5__19	BPY2B|ENST00000615850	92.405	79	6	0	11	89	22	100	2.43e-48	143
transcript_101_support_5_7_not_tested_7__8	TSPY4|ENST00000640033	92.500	80	6	0	12	91	138	217	7.68e-55	163
transcript_102_support_38_89_not_tested_89__7	VCY1B|ENST00000250823	85.246	122	12	1	12	133	1	116	2.21e-56	167
transcript_102_support_4_8_not_tested_8__96	PRYP3|ENST00000343584	87.302	63	8	0	21	83	62	124	1.26e-34	114
transcript_104_support_7_8_7.759113362048008e-11_15_(D_2319_3)_3	DAZ3|ENST00000315357	93.805	113	7	0	1	113	254	366	8.57e-72	212
transcript_104_support_7_8_7.759113362048008e-11_15_(D_2319_3)_3	DAZ3|ENST00000315357	79.070	86	18	0	2	87	183	268	1.15e-38	126
transcript_104_support_7_11_4.099170593953969e-20_90_(S_540_1)_7	VCY1B|ENST00000250823	85.246	122	12	1	12	133	1	116	2.21e-56	167
transcript_104_support_9_10_1.6702164160419835e-51_18_(S_782_1);(S_832_1);(D_2447_5);(D_2448_5);(D_2449_5);(D_2450_1)_9	DAZ4|ENST00000415508	77.551	98	22	0	2	99	99	196	1.56e-36	124
transcript_106_support_2_3_not_tested_3__4	TSPY2|ENST00000429039	92.308	52	4	0	1	52	138	189	9.03e-34	108
transcript_106_support_7_6_6.12938656315981e-61_17_(S_779_1);(S_829_1);(I_2444_1)_9	DAZ4|ENST00000415508	77.000	100	23	0	1	100	97	196	5.88e-37	125
transcript_106_support_2_2_2.1407965757345777e-18_4_(S_309_1);(I_1742_8)_9	DAZ4|ENST00000382314	89.492	295	31	0	1	295	309	603	0.0	506
transcript_107_support_2_10_not_tested_10__19	TSPY2|ENST00000429039	92.000	50	4	0	13	62	139	188	1.51e-31	103
transcript_107_support_2_10_not_tested_10__15	TSPY3|ENST00000424594	84.861	251	14	3	1	227	14	264	1.22e-137	382
transcript_107_support_2_2_2.1407965757345777e-18_4_(S_309_1);(D_1742_8)_9	DAZ4|ENST00000382314	89.492	295	31	0	1	295	309	603	0.0	506
transcript_108_support_8_23_not_tested_23__7	TSPY9P|ENST00000440215	96.923	130	4	0	1	130	180	309	1.46e-96	274
transcript_108_support_26_69_not_tested_69__7	VCY1B|ENST00000250823	85.246	122	12	1	12	133	1	116	1.66e-56	167
transcript_109_support_3_3_not_tested_3__5	BPY2B|ENST00000615850	90.588	85	6	1	11	93	22	106	2.55e-49	145
transcript_109_support_3_4_not_tested_4__6	TSPY9P|ENST00000440215	96.078	102	4	0	1	102	180	281	3.94e-73	213
transcript_11_support_20_22_3.583881801380622e-77_28_(S_406_1)_2	DAZ3|ENST00000315357	92.500	80	6	0	1	80	267	346	2.19e-45	142
transcript_11_support_20_22_3.583881801380622e-77_28_(S_406_1)_2	DAZ3|ENST00000315357	81.081	74	14	0	1	74	195	268	4.79e-33	110
transcript_11_support_3_8_not_tested_8__28	XKRY|AF000997.1	52.941	136	56	3	231	363	19	149	6.70e-32	113
transcript_110_support_3_3_not_tested_3__92	PRYP3|ENST00000343584	87.302	63	8	0	21	83	62	124	1.26e-34	114
transcript_111_support_3_2_1.5373375552977936e-34_74_(S_89_1);(S_104_1);(S_134_1);(S_190_1);(S_464_1)_5	RBMY1F|ENST00000454978	96.104	77	2	1	1	77	384	459	7.08e-47	148
transcript_111_support_3_7_not_tested_7__12	TSPY4|ENST00000426950	96.537	231	5	1	1	228	79	309	1.73e-169	463
transcript_112_support_3_3_not_tested_3__8	HSFY2|ENST00000304790	96.154	104	4	0	1	104	298	401	2.34e-71	211
transcript_112_support_3_4_not_tested_4__24	DAZ3|ENST00000315357	82.564	195	34	0	23	217	2	196	5.24e-92	272
transcript_113_support_4_4_not_tested_4__13	TSPY9P|ENST00000440215	95.205	146	7	0	3	148	164	309	8.32e-106	298
transcript_113_support_5_1_9.772185327376444e-12_5_(S_1366_1);(S_1416_1);(D_3031_5);(D_3032_5);(D_3033_5);(D_3034_1);(S_3048_1)_19	DAZ4|ENST00000415508	82.653	196	34	0	80	275	1	196	1.46e-92	276
transcript_114_support_3_3_not_tested_3__12	TSPY9P|ENST00000440215	95.652	115	5	0	6	120	167	281	4.26e-82	237
transcript_116_support_3_3_not_tested_3__19	TSPY4|ENST00000640033	92.500	80	6	0	12	91	138	217	7.68e-55	163
transcript_116_support_3_3_not_tested_3__14	TSPY3|ENST00000440483	98.462	65	1	0	6	70	74	138	2.42e-44	134
transcript_116_support_8_8_not_tested_8__9	TSPY9P|ENST00000440215	97.368	152	4	0	1	152	158	309	7.86e-115	322
transcript_116_support_6_8_7.39616494658815e-111_17_(S_882_1);(S_932_1);(I_2547_1)_13	DAZ4|ENST00000415508	81.343	134	25	0	1	134	63	196	1.49e-60	188
transcript_117_support_10_31_2.1400648510737078e-108_33_(S_289_1)_6	TSPY2|ENST00000320701	96.078	102	4	0	1	102	202	303	4.68e-74	216
transcript_117_support_4_4_not_tested_4__119	PRYP3|ENST00000343584	96.552	87	2	1	21	107	62	147	2.29e-58	170
transcript_117_support_3_5_not_tested_5__5	VCY1B|ENST00000250823	63.492	126	10	2	12	111	1	116	2.19e-34	110
transcript_117_support_3_3_not_tested_3__9	RBMY1J|ENST00000250831	89.437	142	14	1	3	144	356	496	2.62e-84	249
transcript_117_support_6_8_1.9975021958160524e-65_19_(S_882_1);(S_932_1);(D_2547_5);(D_2548_5);(D_2549_5);(D_2550_1)_13	DAZ4|ENST00000415508	81.343	134	25	0	1	134	63	196	1.49e-60	188
transcript_119_support_3_11_2.8846122542154945e-21_84_(S_558_1)_7	VCY1B|ENST00000250823	82.031	128	11	1	12	139	1	116	1.03e-56	168
transcript_12_support_6_6_4.8592969402863054e-17_28_(S_406_1)_2	DAZ3|ENST00000315357	92.500	80	6	0	1	80	267	346	2.19e-45	142
transcript_12_support_6_6_4.8592969402863054e-17_28_(S_406_1)_2	DAZ3|ENST00000315357	81.081	74	14	0	1	74	195	268	4.79e-33	110
transcript_12_support_2_2_not_tested_2__14	BPY2B|ENST00000615850	92.405	79	6	0	11	89	22	100	2.28e-48	143
transcript_12_support_3_7_3.295603876600834e-29_11_(S_381_1)_28	XKRY|AF000997.1	72.340	94	25	1	13	106	12	104	2.57e-40	125
transcript_12_support_5_11_0.0_11__24	RBMY1F|ENST00000454978	90.426	94	8	1	16	109	361	453	3.72e-55	172
transcript_12_support_2_2_2.175180475856325e-09_4_(S_1043_1)_27	HSFY2|ENST00000304790	84.896	192	29	0	27	218	189	380	5.20e-115	328
transcript_121_support_3_10_not_tested_10__3	TSPY2|ENST00000320701	96.429	56	2	0	1	56	14	69	1.15e-31	105
transcript_121_support_3_10_not_tested_10__13	TSPY4|ENST00000426950	96.569	204	7	0	61	264	109	312	3.02e-150	416
transcript_123_support_10_18_not_tested_18__4	TSPY4|ENST00000640033	93.333	75	5	0	1	75	143	217	1.07e-51	154
transcript_123_support_33_75_not_tested_75__7	VCY1B|ENST00000250823	82.031	128	11	1	12	139	1	116	1.03e-56	168
transcript_123_support_2_7_6.269049287686815e-31_11_(S_1124_1)_31	HSFY2|ENST00000304790	96.591	176	6	0	5	180	226	401	2.19e-122	345
transcript_123_support_2_7_6.269049287686815e-31_11_(S_1124_1)_19	HSFY2|ENST00000304790	96.861	223	7	0	1	223	2	224	2.07e-163	451
transcript_124_support_5_7_not_tested_7__7	VCY1B|ENST00000250823	82.031	128	11	1	12	139	1	116	7.43e-57	168
transcript_124_support_3_3_not_tested_3__16	DAZ3|ENST00000315357	82.653	196	34	0	33	228	1	196	5.64e-93	275
transcript_126_support_8_11_not_tested_11__2	DAZ3|ENST00000315357	95.699	93	4	0	1	93	274	366	7.26e-60	181
transcript_126_support_5_19_0.0_19__5	VCY1B|ENST00000250823	93.548	62	4	0	3	64	52	113	6.43e-36	112
transcript_126_support_6_9_not_tested_9__9	TSPY9P|ENST00000440215	97.468	158	4	0	1	158	152	309	8.73e-120	334
transcript_127_support_6_6_not_tested_6__100	PRYP3|ENST00000343584	96.552	87	2	1	21	107	62	147	2.29e-58	170
transcript_128_support_9_33_not_tested_33__5	TSPY4|ENST00000640033	94.118	85	5	0	1	85	133	217	2.14e-59	174
transcript_13_support_3_3_not_tested_3__15	HSFY2|ENST00000344884	76.712	73	17	0	5	77	63	135	1.81e-36	115
transcript_13_support_2_2_not_tested_2__12	RBMY1F|ENST00000454978	94.118	68	3	1	16	83	361	427	4.37e-41	133
transcript_13_support_5_11_0.0_11__7	VCY1B|ENST00000250823	77.064	109	13	1	1	109	17	113	1.59e-44	137
transcript_13_support_3_3_not_tested_3__19	DAZ4|ENST00000415508	82.653	196	34	0	80	275	1	196	1.46e-92	276
transcript_13_support_8_29_5.405596897413312e-150_62_(S_23_1);(S_188_1)_29	XKRY|AF000997.1	52.941	136	56	3	231	363	19	149	6.81e-32	113
transcript_130_support_3_15_0.0_15__4	VCY1B|ENST00000250823	83.562	73	12	0	3	75	44	116	1.21e-37	120
transcript_130_support_2_2_3.3946795485441943e-09_44_(S_819_1);(I_1032_5)_15	TSPY10|ENST00000428845	95.862	290	9	1	1	287	14	303	0.0	570
transcript_131_support_3_3_not_tested_3__7	DAZ3|ENST00000315357	93.902	82	5	0	79	160	285	366	1.19e-52	165
transcript_131_support_5_14_0.0_14__4	VCY1B|ENST00000250823	92.308	65	5	0	5	69	52	116	5.15e-37	118
transcript_132_support_4_14_0.0_14__3	VCY1B|ENST00000250823	93.651	63	4	0	1	63	54	116	1.85e-36	117
transcript_132_support_3_3_not_tested_3__22	DAZ3|ENST00000382365	90.640	203	19	0	46	248	236	438	8.67e-126	358
transcript_132_support_3_3_not_tested_3__22	DAZ3|ENST00000382365	79.429	175	36	0	48	222	166	340	3.29e-84	252
transcript_134_support_3_3_not_tested_3__83	PRYP3|ENST00000343584	96.552	87	2	1	21	107	62	147	2.29e-58	170
transcript_134_support_5_7_not_tested_7__9	TSPY9P|ENST00000440215	97.163	141	4	0	1	141	169	309	1.39e-105	298
transcript_135_support_3_3_not_tested_3__10	TSPY2|ENST00000429039	92.000	50	4	0	13	62	139	188	1.51e-31	103
transcript_135_support_3_3_1.5849754128109423e-05_9_(I_2418_7)_7	DAZ4|ENST00000382432	91.633	251	21	0	1	251	308	558	6.62e-154	434
transcript_135_support_3_3_1.5849754128109423e-05_9_(I_2418_7)_7	DAZ4|ENST00000382432	85.333	225	33	0	1	225	236	460	5.47e-120	347
transcript_135_support_3_3_1.5849754128109423e-05_9_(I_2418_7)_7	DAZ4|ENST00000382432	84.444	225	35	0	1	225	212	436	3.59e-118	343
transcript_135_support_3_3_1.5849754128109423e-05_9_(I_2418_7)_7	DAZ4|ENST00000382432	83.111	225	38	0	1	225	188	412	5.76e-117	340
transcript_135_support_3_3_1.5849754128109423e-05_9_(I_2418_7)_7	DAZ4|ENST00000382432	81.166	223	42	0	3	225	166	388	1.11e-110	323
transcript_136_support_4_9_not_tested_9__11	TSPY4|ENST00000426950	97.927	193	4	0	1	193	117	309	1.91e-146	403
transcript_136_support_4_3_1.881921956594317e-28_9_(S_2726_1);(I_2735_1)_7	DAZ4|ENST00000382432	91.633	251	21	0	1	251	308	558	6.62e-154	434
transcript_136_support_4_3_1.881921956594317e-28_9_(S_2726_1);(I_2735_1)_7	DAZ4|ENST00000382432	85.333	225	33	0	1	225	236	460	5.47e-120	347
transcript_136_support_4_3_1.881921956594317e-28_9_(S_2726_1);(I_2735_1)_7	DAZ4|ENST00000382432	84.444	225	35	0	1	225	212	436	3.59e-118	343
transcript_136_support_4_3_1.881921956594317e-28_9_(S_2726_1);(I_2735_1)_7	DAZ4|ENST00000382432	83.111	225	38	0	1	225	188	412	5.76e-117	340
transcript_136_support_4_3_1.881921956594317e-28_9_(S_2726_1);(I_2735_1)_7	DAZ4|ENST00000382432	81.166	223	42	0	3	225	166	388	1.11e-110	323
transcript_137_support_6_6_6.383331141330151e-10_9_(D_2418_7)_7	DAZ4|ENST00000382432	91.633	251	21	0	1	251	308	558	6.62e-154	434
transcript_137_support_6_6_6.383331141330151e-10_9_(D_2418_7)_7	DAZ4|ENST00000382432	85.333	225	33	0	1	225	236	460	5.47e-120	347
transcript_137_support_6_6_6.383331141330151e-10_9_(D_2418_7)_7	DAZ4|ENST00000382432	84.444	225	35	0	1	225	212	436	3.59e-118	343
transcript_137_support_6_6_6.383331141330151e-10_9_(D_2418_7)_7	DAZ4|ENST00000382432	83.111	225	38	0	1	225	188	412	5.76e-117	340
transcript_137_support_6_6_6.383331141330151e-10_9_(D_2418_7)_7	DAZ4|ENST00000382432	81.166	223	42	0	3	225	166	388	1.11e-110	323
transcript_138_support_2_6_not_tested_6__16	TSPY4|ENST00000640033	92.500	80	6	0	12	91	138	217	7.68e-55	163
transcript_138_support_2_5_1.311895482157185e-18_9_(S_570_1)_7	VCY1B|ENST00000250823	85.246	122	12	1	22	143	1	116	5.35e-56	166
transcript_138_support_2_6_not_tested_6__11	TSPY4|ENST00000383008	80.874	183	11	3	4	162	88	270	3.07e-100	285
transcript_138_support_4_4_not_tested_4__20	DAZ4|ENST00000682740	88.852	305	34	0	7	311	419	723	0.0	511
transcript_138_support_4_4_not_tested_4__20	DAZ4|ENST00000682740	82.332	283	49	1	4	285	343	625	1.05e-145	421
transcript_138_support_4_4_not_tested_4__20	DAZ4|ENST00000682740	81.685	273	50	0	13	285	329	601	2.41e-138	402
transcript_139_support_2_2_2.545923280148696e-09_4_(S_1371_1)_2	DAZ3|ENST00000315357	95.181	83	4	0	1	83	284	366	6.92e-53	162
transcript_139_support_3_3_not_tested_3__135	PRYP3|ENST00000343584	96.552	87	2	1	21	107	62	147	2.29e-58	170
transcript_139_support_2_4_1.560127804445052e-12_9_(S_570_1)_7	VCY1B|ENST00000250823	85.246	122	12	1	22	143	1	116	5.35e-56	166
transcript_139_support_7_8_2.602903318297794e-59_30_(S_80_1);(S_193_1);(S_204_1)_34	HSFY2|ENST00000304790	96.023	176	7	0	5	180	226	401	1.03e-121	343
transcript_139_support_7_8_2.602903318297794e-59_30_(S_80_1);(S_193_1);(S_204_1)_22	HSFY2|ENST00000304790	96.875	224	7	0	8	231	1	224	1.63e-164	454
transcript_14_support_2_2_4.591970075610176e-05_13_(S_689_1)_12	BPY2B|ENST00000615850	92.405	79	6	0	11	89	22	100	2.43e-48	143
transcript_14_support_5_9_0.0_9__5	TSPY4|ENST00000640033	94.565	92	5	0	1	92	126	217	1.39e-64	188
transcript_14_support_4_2_1.3607079442317148e-37_20_(D_5_2);(D_6_2);(D_9_2);(D_10_2);(D_14_3);(I_19_1);(S_33_1);(S_40_1);(S_365_1)_4	VCY1B|ENST00000250823	92.308	65	5	0	8	72	52	116	4.44e-38	118
transcript_14_support_3_3_not_tested_3__7	RBMY1F|ENST00000454978	78.704	108	22	1	2	109	349	455	8.90e-49	155
transcript_14_support_5_13_0.0_13__23	RBMY1F|ENST00000454978	90.426	94	8	1	16	109	361	453	3.72e-55	172
transcript_14_support_6_6_5.569842456764588e-19_8_(S_96_1)_29	RBMY1F|ENST00000454978	95.000	100	4	1	25	124	361	459	3.99e-62	190
transcript_14_support_3_3_not_tested_3__8	VCY1B|ENST00000250823	75.000	140	11	1	33	172	1	116	1.18e-53	164
transcript_140_support_3_5_not_tested_5__5	TSPY2|ENST00000429039	91.892	74	6	0	1	74	116	189	1.15e-49	149
transcript_140_support_2_2_2.545923280148696e-09_4_(S_1371_1)_2	DAZ3|ENST00000315357	95.181	83	4	0	1	83	284	366	6.92e-53	162
transcript_140_support_2_85_not_tested_85__7	VCY1B|ENST00000250823	85.246	122	12	1	22	143	1	116	3.31e-56	167
transcript_140_support_2_5_not_tested_5__12	TSPY4|ENST00000426950	96.744	215	4	1	1	212	95	309	2.79e-159	437
transcript_141_support_4_14_8.349845918536259e-110_30_(S_80_1);(S_193_1);(S_204_1)_34	HSFY2|ENST00000304790	96.023	176	7	0	5	180	226	401	1.03e-121	343
transcript_141_support_4_14_8.349845918536259e-110_30_(S_80_1);(S_193_1);(S_204_1)_22	HSFY2|ENST00000304790	96.429	224	8	0	8	231	1	224	1.17e-163	452
transcript_142_support_5_9_not_tested_9__5	VCY1B|ENST00000250823	84.286	70	11	0	5	74	44	113	2.44e-36	114
transcript_142_support_3_3_not_tested_3__123	PRYP3|ENST00000343584	87.302	63	8	0	21	83	62	124	1.26e-34	114
transcript_143_support_3_3_8.178812166471323e-15_5_(S_112_1)_7	VCY1B|ENST00000250823	85.246	122	12	1	19	140	1	116	2.07e-55	167
transcript_143_support_5_5_not_tested_5__15	DAZ4|ENST00000415508	82.723	191	33	0	1	191	6	196	2.94e-90	266
transcript_144_support_2_3_2.2573556690333377e-11_28_(S_2231_1)_2	DAZ3|ENST00000315357	95.181	83	4	0	1	83	284	366	6.92e-53	162
transcript_144_support_3_3_not_tested_3__105	PRYP3|ENST00000343584	96.552	87	2	1	21	107	62	147	2.29e-58	170
transcript_145_support_3_4_not_tested_4__138	PRYP3|ENST00000343584	87.302	63	8	0	21	83	62	124	1.26e-34	114
transcript_146_support_15_30_not_tested_30__2	DAZ3|ENST00000315357	95.181	83	4	0	1	83	284	366	6.92e-53	162
transcript_147_support_3_4_not_tested_4__7	VCY1B|ENST00000250823	79.200	125	14	1	21	145	1	113	1.37e-54	163
transcript_148_support_4_4_2.3881735045778e-05_34_(D_1366_3)_2	DAZ3|ENST00000315357	95.181	83	4	0	1	83	284	366	6.92e-53	162
transcript_148_support_3_7_not_tested_7__7	VCY1B|ENST00000250823	75.000	140	11	1	11	150	1	116	3.99e-54	164
transcript_149_support_2_2_4.394354780067421e-09_8_(S_95_1);(S_106_1)_31	HSFY2|ENST00000304790	96.023	176	7	0	5	180	226	401	1.03e-121	343
transcript_149_support_2_2_4.394354780067421e-09_8_(S_95_1);(S_106_1)_19	HSFY2|ENST00000304790	96.429	224	8	0	5	228	1	224	1.62e-163	451
transcript_15_support_11_11_not_tested_11__12	BPY2B|ENST00000615850	92.405	79	6	0	11	89	22	100	2.43e-48	143
transcript_15_support_5_5_not_tested_5__12	HSFY2|ENST00000344884	80.899	89	17	0	8	96	1	89	1.12e-49	150
transcript_15_support_3_3_not_tested_3__17	RBMY1F|ENST00000454978	96.739	92	2	1	25	116	361	451	9.70e-59	181
transcript_15_support_2_2_2.1585928327068602e-06_8_(S_96_1)_29	RBMY1F|ENST00000454978	95.000	100	4	1	25	124	361	459	3.99e-62	190
transcript_15_support_5_5_not_tested_5__49	HSFY2|ENST00000304790	85.167	209	31	0	1	209	172	380	2.35e-127	360
transcript_15_support_3_11_0.0_11__12	DAZ4|ENST00000415508	81.061	132	25	0	1	132	65	196	8.87e-59	184
transcript_15_support_5_5_2.5249704910085328e-12_19_(S_3005_1)_18	DAZ4|ENST00000415508	82.653	196	34	0	80	275	1	196	1.46e-92	276
transcript_150_support_4_4_not_tested_4__120	PRYP3|ENST00000343584	87.302	63	8	0	21	83	62	124	1.26e-34	114
transcript_152_support_3_5_not_tested_5__6	VCY1B|ENST00000250823	78.495	93	8	1	1	93	33	113	2.92e-42	130
transcript_153_support_2_3_3.938131256185824e-12_10_(S_1238_1)_31	HSFY2|ENST00000304790	96.023	176	7	0	5	180	226	401	1.03e-121	343
transcript_153_support_2_3_3.938131256185824e-12_10_(S_1238_1)_19	HSFY2|ENST00000304790	96.875	224	7	0	5	228	1	224	1.96e-164	454
transcript_154_support_6_4_3.596987287281317e-23_12_(S_2710_1);(D_2880_1)_9	DAZ4|ENST00000682740	90.970	299	27	0	1	299	425	723	0.0	513
transcript_154_support_6_4_3.596987287281317e-23_12_(S_2710_1);(D_2880_1)_9	DAZ4|ENST00000682740	85.348	273	40	0	1	273	353	625	1.08e-146	423
transcript_154_support_6_4_3.596987287281317e-23_12_(S_2710_1);(D_2880_1)_9	DAZ4|ENST00000682740	82.288	271	48	0	3	273	331	601	4.72e-138	401
transcript_155_support_2_4_not_tested_4__157	PRYP3|ENST00000343584	96.552	87	2	1	21	107	62	147	2.37e-58	170
transcript_155_support_10_8_2.3460088594369425e-44_12_(S_2710_1);(D_2878_3)_9	DAZ4|ENST00000682740	90.970	299	27	0	1	299	425	723	0.0	513
transcript_155_support_10_8_2.3460088594369425e-44_12_(S_2710_1);(D_2878_3)_9	DAZ4|ENST00000682740	85.348	273	40	0	1	273	353	625	1.08e-146	423
transcript_155_support_10_8_2.3460088594369425e-44_12_(S_2710_1);(D_2878_3)_9	DAZ4|ENST00000682740	82.288	271	48	0	3	273	331	601	4.72e-138	401
transcript_156_support_7_28_6.020956516304572e-97_30_(S_499_1)_6	RBMY1F|ENST00000454978	96.629	89	2	1	1	89	372	459	3.05e-56	173
transcript_156_support_3_3_8.866052932400957e-08_5_(S_774_1)_31	HSFY2|ENST00000304790	96.023	176	7	0	5	180	226	401	8.38e-122	343
transcript_156_support_3_3_8.866052932400957e-08_5_(S_774_1)_19	HSFY2|ENST00000304790	95.982	224	9	0	5	228	1	224	1.24e-162	449
transcript_157_support_3_2_0.005851421741999592_5_(S_774_1)_31	HSFY2|ENST00000304790	96.591	176	6	0	5	180	226	401	2.19e-122	345
transcript_157_support_3_3_not_tested_3__111	PRYP3|ENST00000343584	87.302	63	8	0	21	83	62	124	1.26e-34	114
transcript_157_support_3_2_0.005851421741999592_5_(S_774_1)_19	HSFY2|ENST00000304790	95.982	224	9	0	5	228	1	224	1.24e-162	449
transcript_16_support_5_8_3.0435478795292346e-31_9_(I_357_2)_2	VCY1B|ENST00000250823	95.000	60	3	0	1	60	57	116	6.48e-36	112
transcript_16_support_9_18_1.5779889218453623e-76_21_(S_193_1)_2	DAZ3|ENST00000315357	92.784	97	7	0	1	97	250	346	2.39e-56	172
transcript_16_support_9_18_1.5779889218453623e-76_21_(S_193_1)_2	DAZ3|ENST00000315357	78.022	91	20	0	1	91	178	268	2.50e-40	130
transcript_16_support_5_5_not_tested_5__7	RBMY1F|ENST00000454978	78.761	113	23	1	1	113	344	455	6.44e-52	163
transcript_16_support_4_4_not_tested_4__22	RBMY1F|ENST00000454978	93.000	100	6	1	16	115	361	459	1.45e-60	186
transcript_16_support_3_5_not_tested_5__137	PRYP3|ENST00000343584	87.302	63	8	0	21	83	62	124	1.26e-34	114
transcript_16_support_5_7_1.7821627563449593e-22_9_(S_796_1)_6	VCY1B|ENST00000250823	75.000	140	11	1	5	144	1	116	3.62e-54	164
transcript_160_support_3_5_not_tested_5__112	PRYP3|ENST00000343584	87.302	63	8	0	21	83	62	124	1.26e-34	114
transcript_160_support_2_2_1.1597387002527935e-07_5_(I_2596_2)_14	DAZ4|ENST00000415508	80.952	147	28	0	1	147	50	196	2.62e-68	209
transcript_162_support_5_7_6.392124863410751e-15_29_(S_2519_1)_4	DAZ3|ENST00000382365	92.179	179	14	0	1	179	260	438	1.85e-111	318
transcript_162_support_5_7_6.392124863410751e-15_29_(S_2519_1)_4	DAZ3|ENST00000382365	81.699	153	28	0	1	153	188	340	7.73e-76	227
transcript_162_support_5_7_6.392124863410751e-15_29_(S_2519_1)_4	DAZ3|ENST00000382365	79.470	151	31	0	3	153	166	316	7.38e-71	214
transcript_163_support_6_7_3.3219869401107523e-22_28_(D_2518_2)_4	DAZ3|ENST00000382365	92.179	179	14	0	1	179	260	438	1.85e-111	318
transcript_163_support_6_7_3.3219869401107523e-22_28_(D_2518_2)_4	DAZ3|ENST00000382365	81.699	153	28	0	1	153	188	340	7.73e-76	227
transcript_163_support_6_7_3.3219869401107523e-22_28_(D_2518_2)_4	DAZ3|ENST00000382365	79.470	151	31	0	3	153	166	316	7.38e-71	214
transcript_164_support_3_5_not_tested_5__103	PRYP3|ENST00000343584	96.552	87	2	1	21	107	62	147	2.29e-58	170
transcript_164_support_16_22_1.5282857319088824e-52_29_(S_2519_1)_4	DAZ3|ENST00000382365	92.179	179	14	0	1	179	260	438	1.85e-111	318
transcript_164_support_16_22_1.5282857319088824e-52_29_(S_2519_1)_4	DAZ3|ENST00000382365	81.699	153	28	0	1	153	188	340	7.73e-76	227
transcript_164_support_16_22_1.5282857319088824e-52_29_(S_2519_1)_4	DAZ3|ENST00000382365	79.470	151	31	0	3	153	166	316	7.38e-71	214
transcript_164_support_5_7_not_tested_7__8	VCY1B|ENST00000250823	79.200	125	14	1	11	135	1	113	2.29e-54	162
transcript_164_support_5_13_0.0_13__11	TSPY4|ENST00000640033	88.725	204	6	1	1	187	14	217	2.61e-136	374
transcript_165_support_5_5_not_tested_5__15	TSPY4|ENST00000640033	92.500	80	6	0	12	91	138	217	7.68e-55	163
transcript_165_support_5_5_not_tested_5__10	TSPY3|ENST00000440483	85.600	125	1	1	1	108	14	138	5.74e-75	213
transcript_166_support_3_3_not_tested_3__7	DAZ3|ENST00000315357	92.188	128	10	0	3	130	239	366	5.38e-80	234
transcript_166_support_3_3_not_tested_3__7	DAZ3|ENST00000315357	76.768	99	23	0	6	104	170	268	1.64e-42	137
transcript_166_support_3_3_not_tested_3__6	DAZ3|ENST00000446723	92.079	101	8	0	1	101	236	336	2.41e-59	185
transcript_166_support_3_3_not_tested_3__6	DAZ3|ENST00000446723	86.139	101	14	0	1	101	212	312	3.57e-55	174
transcript_166_support_3_3_not_tested_3__6	DAZ3|ENST00000446723	85.149	101	15	0	1	101	188	288	2.55e-54	172
transcript_166_support_3_3_not_tested_3__6	DAZ3|ENST00000446723	85.859	99	14	0	1	99	260	358	2.76e-52	167
transcript_166_support_3_3_not_tested_3__6	DAZ3|ENST00000446723	77.778	99	22	0	3	101	166	264	1.45e-45	149
transcript_166_support_3_3_not_tested_3__6	DAZ3|ENST00000446723	85.185	81	12	0	1	81	284	364	5.88e-39	132
transcript_167_support_3_3_not_tested_3__100	PRYP3|ENST00000343584	97.333	75	1	1	21	95	62	135	3.44e-49	147
transcript_167_support_6_6_not_tested_6__8	DAZ4|ENST00000382432	92.000	275	22	0	1	275	284	558	1.58e-169	474
transcript_167_support_6_6_not_tested_6__8	DAZ4|ENST00000382432	85.141	249	37	0	1	249	212	460	3.28e-133	382
transcript_167_support_6_6_not_tested_6__8	DAZ4|ENST00000382432	83.534	249	41	0	1	249	188	436	2.22e-130	375
transcript_167_support_6_6_not_tested_6__8	DAZ4|ENST00000382432	81.781	247	45	0	3	249	166	412	3.29e-125	362
transcript_168_support_7_70_not_tested_70__7	VCY1B|ENST00000250823	85.246	122	12	1	22	143	1	116	3.17e-56	167
transcript_168_support_3_3_not_tested_3__95	PRYP3|ENST00000343584	87.302	63	8	0	21	83	62	124	1.26e-34	114
transcript_169_support_3_4_9.120145106774368e-13_6_(S_2215_1)_143	PRYP3|ENST00000343584	96.552	87	2	1	21	107	62	147	2.29e-58	170
transcript_169_support_10_29_not_tested_29__3	DAZ3|ENST00000315357	92.258	155	12	0	1	155	212	366	5.24e-97	278
transcript_169_support_2_2_1.9531251075682914e-11_70_(S_522_1);(S_570_1)_7	VCY1B|ENST00000250823	85.246	122	12	1	22	143	1	116	4.85e-56	167
transcript_17_support_3_3_1.6298716527255394e-28_6_(S_72_1);(S_233_1)_13	RBMY1F|ENST00000454978	97.468	79	1	1	25	103	361	438	1.13e-50	159
transcript_17_support_15_15_not_tested_15__5	DAZ3|ENST00000382365	89.500	200	21	0	1	200	219	418	1.43e-116	332
transcript_17_support_15_15_not_tested_15__5	DAZ3|ENST00000382365	79.429	175	36	0	20	194	166	340	4.91e-83	247
transcript_17_support_2_11_0.0_11__12	DAZ3|ENST00000315357	80.000	125	25	0	1	125	72	196	3.45e-54	171
transcript_17_support_3_5_not_tested_5__17	XKRY|AF000997.1	52.941	136	56	3	42	174	19	149	3.15e-33	112
transcript_170_support_3_2_6.417787022473183e-05_6_(S_2233_1)_142	PRYP3|ENST00000343584	96.552	87	2	1	21	107	62	147	2.29e-58	170
transcript_170_support_5_7_not_tested_7__7	VCY1B|ENST00000250823	79.508	122	16	3	22	141	1	115	1.05e-46	142
transcript_171_support_5_9_not_tested_9__23	RBMY1F|ENST00000454978	86.739	460	23	3	17	439	1	459	0.0	767
transcript_172_support_2_2_2.439053872462565e-09_28_(S_462_1);(I_2437_9)_3	DAZ3|ENST00000315357	92.258	155	12	0	1	155	212	366	5.24e-97	278
transcript_173_support_15_41_not_tested_41__7	VCY1B|ENST00000250823	82.031	128	11	1	22	149	1	116	1.59e-56	168
transcript_174_support_2_6_not_tested_6__39	PRYP3|ENST00000343584	96.552	87	2	1	21	107	62	147	2.29e-58	170
transcript_176_support_3_3_not_tested_3__6	DAZ3|ENST00000382365	89.868	227	23	0	1	227	212	438	4.94e-139	390
transcript_177_support_5_5_not_tested_5__15	TSPY4|ENST00000640033	92.500	80	6	0	12	91	138	217	7.68e-55	163
transcript_177_support_5_5_not_tested_5__10	TSPY3|ENST00000424594	79.518	166	13	2	1	145	99	264	8.39e-90	258
transcript_177_support_7_11_1.0876419460844705e-47_15_(S_2659_1)_6	DAZ3|ENST00000382365	89.868	227	23	0	1	227	212	438	4.94e-139	390
transcript_178_support_2_2_1.1213033582089491e-07_13_(S_2632_1)_6	DAZ3|ENST00000382365	89.868	227	23	0	1	227	212	438	4.94e-139	390
transcript_179_support_5_5_not_tested_5__5	DAZ3|ENST00000382365	91.626	203	17	0	1	203	236	438	1.81e-126	358
transcript_179_support_5_5_not_tested_5__5	DAZ3|ENST00000382365	79.429	175	36	0	3	177	166	340	7.62e-84	249
transcript_18_support_5_5_not_tested_5__5	RBMY1F|ENST00000454978	88.732	71	7	1	1	71	386	455	2.00e-38	125
transcript_18_support_3_3_not_tested_3__15	BPY2B|ENST00000615850	92.405	79	6	0	11	89	22	100	2.28e-48	143
transcript_18_support_4_3_1.6298716527255394e-28_6_(S_72_1);(S_233_1)_13	RBMY1F|ENST00000454978	98.734	79	0	1	25	103	361	438	2.74e-51	161
transcript_18_support_5_10_0.0_19_(S_374_1);(S_757_1);(S_881_1);(S_1123_1);(S_1151_1);(S_1195_1);(S_1259_1);(S_1791_1)_43	CDY1B|ENST00000382407	97.412	541	13	1	96	636	1	540	0.0	1096
transcript_180_support_3_2_0.0014699459805650361_7_(I_1099_7)_3	DAZ3|ENST00000315357	94.444	108	6	0	1	108	259	366	3.15e-69	205
transcript_180_support_3_2_0.0014699459805650361_7_(I_1099_7)_3	DAZ3|ENST00000315357	79.268	82	17	0	1	82	187	268	6.89e-37	122
transcript_181_support_5_2_7.566595540458037e-16_19_(I_220_1);(I_1254_2)_3	DAZ3|ENST00000315357	93.506	77	5	0	1	77	259	335	8.24e-44	138
transcript_181_support_5_2_7.566595540458037e-16_19_(I_220_1);(I_1254_2)_3	DAZ3|ENST00000315357	90.789	76	7	0	1	76	235	310	1.42e-40	130
transcript_181_support_5_2_7.566595540458037e-16_19_(I_220_1);(I_1254_2)_3	DAZ3|ENST00000315357	89.474	76	8	0	1	76	211	286	9.59e-40	128
transcript_181_support_5_2_7.566595540458037e-16_19_(I_220_1);(I_1254_2)_3	DAZ3|ENST00000315357	82.895	76	13	0	1	76	187	262	2.39e-36	119
transcript_182_support_3_8_not_tested_8__7	TSPY9P|ENST00000440215	96.639	119	4	0	1	119	191	309	1.42e-87	251
transcript_185_support_7_12_0.0_12__7	RBMY1F|ENST00000454978	96.000	125	4	1	1	125	336	459	9.79e-81	238
transcript_186_support_4_4_not_tested_4__6	TSPY4|ENST00000640033	92.500	80	6	0	12	91	138	217	7.68e-55	163
transcript_19_support_4_4_not_tested_4__14	HSFY2|ENST00000344884	76.712	73	17	0	5	77	63	135	1.81e-36	115
transcript_19_support_6_10_1.4650677012125247e-270_13_(S_27_1);(S_57_1);(S_189_1);(S_206_1);(S_233_1);(S_244_1);(I_280_6)_12	RBMY1F|ENST00000454978	93.671	79	4	1	16	94	361	438	3.53e-47	150
transcript_19_support_3_3_not_tested_3__44	PRYP3|ENST00000343584	96.552	87	2	1	21	107	62	147	2.29e-58	170
transcript_193_support_3_5_not_tested_5__14	TSPY4|ENST00000640033	92.500	80	6	0	12	91	138	217	7.68e-55	163
transcript_193_support_3_5_not_tested_5__9	TSPY3|ENST00000440483	100.000	103	0	0	1	103	36	138	6.81e-76	216
transcript_194_support_17_19_4.568714383252667e-69_24_(I_1245_3)_3	DAZ3|ENST00000315357	94.340	106	6	0	1	106	261	366	7.90e-68	201
transcript_194_support_17_19_4.568714383252667e-69_24_(I_1245_3)_3	DAZ3|ENST00000315357	78.750	80	17	0	1	80	189	268	1.57e-35	118
transcript_195_support_5_4_2.1116065787168936e-16_15_(S_2663_1)_6	DAZ4|ENST00000382432	91.593	226	19	0	1	226	333	558	3.24e-138	393
transcript_195_support_5_4_2.1116065787168936e-16_15_(S_2663_1)_6	DAZ4|ENST00000382432	85.000	200	30	0	1	200	261	460	5.76e-105	308
transcript_195_support_5_4_2.1116065787168936e-16_15_(S_2663_1)_6	DAZ4|ENST00000382432	84.500	200	31	0	1	200	237	436	4.03e-104	305
transcript_195_support_5_4_2.1116065787168936e-16_15_(S_2663_1)_6	DAZ4|ENST00000382432	84.000	200	32	0	1	200	213	412	5.75e-104	305
transcript_195_support_5_4_2.1116065787168936e-16_15_(S_2663_1)_6	DAZ4|ENST00000382432	82.500	200	35	0	1	200	189	388	3.75e-101	298
transcript_195_support_5_4_2.1116065787168936e-16_15_(S_2663_1)_6	DAZ4|ENST00000382432	78.894	199	42	0	2	200	166	364	8.86e-95	281
transcript_197_support_3_3_not_tested_3__3	DAZ3|ENST00000315357	92.547	161	12	0	1	161	206	366	3.91e-101	289
transcript_199_support_2_7_2.04563987749399e-18_19_(S_321_1)_2	VCY1B|ENST00000250823	95.000	60	3	0	1	60	57	116	6.48e-36	112
transcript_199_support_6_17_0.0_17__3	DAZ3|ENST00000315357	93.431	137	9	0	1	137	230	366	2.35e-86	250
transcript_199_support_6_17_0.0_17__3	DAZ3|ENST00000315357	75.728	103	25	0	9	111	166	268	5.23e-44	141
transcript_1_support_5_18_0.0_18__5	RBMY1F|ENST00000454978	92.537	67	4	1	1	67	394	459	4.57e-38	124
transcript_1_support_3_3_not_tested_3__26	BPY2B|ENST00000615850	90.588	85	6	1	11	93	22	106	2.55e-49	145
transcript_1_support_2_5_not_tested_5__6	VCY1B|ENST00000250823	80.822	73	14	0	1	73	41	113	8.98e-36	113
transcript_1_support_5_18_0.0_18__7	RBMY1J|ENST00000250831	73.611	144	37	1	11	154	331	473	1.34e-63	196
transcript_1_support_2_2_1.981087041243704e-12_4_(S_1072_1);(S_1123_1)_27	HSFY2|ENST00000304790	84.896	192	29	0	27	218	189	380	4.92e-115	328
transcript_1_support_3_3_not_tested_3__19	XKRY|AF000997.1	52.941	136	56	3	92	224	19	149	1.11e-32	112
transcript_1_support_2_4_not_tested_4__44	CDY1B|ENST00000382407	97.412	541	13	1	112	652	1	540	0.0	1095
transcript_20_support_5_5_not_tested_5__9	HSFY2|ENST00000344884	97.959	49	1	0	8	56	1	49	4.19e-32	103
transcript_20_support_3_3_not_tested_3__6	HSFY2|ENST00000344884	76.712	73	17	0	5	77	63	135	1.81e-36	115
transcript_20_support_5_5_not_tested_5__20	HSFY2|ENST00000304790	97.203	143	4	0	7	149	82	224	3.85e-102	292
transcript_20_support_5_5_not_tested_5__32	HSFY2|ENST00000304790	96.023	176	7	0	5	180	226	401	1.03e-121	343
transcript_20_support_3_1_7.706880131498338e-28_7_(I_38_1);(I_46_2);(S_72_1);(S_78_1);(I_95_2);(I_107_2);(S_136_1);(S_142_1)_10	VCY1B|ENST00000250823	84.314	102	10	1	39	140	18	113	8.51e-46	141
transcript_20_support_5_7_not_tested_7__8	VCY1B|ENST00000250823	75.000	140	11	1	13	152	1	116	9.78e-55	164
transcript_20_support_6_6_not_tested_6__32	CDY1B|ENST00000382407	97.205	322	8	1	105	426	1	321	0.0	645
transcript_200_support_5_6_not_tested_6__2	DAZ4|ENST00000415508	95.385	65	3	0	1	65	302	366	1.94e-41	132
transcript_201_support_5_5_not_tested_5__2	DAZ4|ENST00000415508	95.385	65	3	0	1	65	302	366	1.94e-41	132
transcript_201_support_2_11_not_tested_11__5	TSPY4|ENST00000640033	92.941	85	6	0	1	85	133	217	3.25e-58	171
transcript_203_support_6_16_not_tested_16__2	DAZ4|ENST00000415508	95.385	65	3	0	1	65	302	366	1.94e-41	132
transcript_203_support_3_6_not_tested_6__8	TSPY9P|ENST00000440215	97.163	141	4	0	1	141	169	309	1.39e-105	298
transcript_205_support_4_8_not_tested_8__7	TSPY9P|ENST00000440215	96.923	130	4	0	1	130	180	309	1.46e-96	274
transcript_205_support_2_2_1.4764979273392852e-09_4_(S_188_1)_8	RBMY1J|ENST00000250831	93.981	216	12	1	1	216	282	496	2.09e-138	390
transcript_206_support_2_2_1.4764979273392852e-09_4_(S_188_1)_8	RBMY1J|ENST00000250831	93.519	216	13	1	1	216	282	496	2.56e-137	388
transcript_208_support_2_4_1.378762663117064e-07_11_(D_757_5);(D_2319_3);(D_2320_3)_3	DAZ3|ENST00000315357	93.805	113	7	0	1	113	254	366	8.57e-72	212
transcript_208_support_2_4_1.378762663117064e-07_11_(D_757_5);(D_2319_3);(D_2320_3)_3	DAZ3|ENST00000315357	79.070	86	18	0	2	87	183	268	1.15e-38	126
transcript_209_support_4_12_not_tested_12__22	RBMY1J|ENST00000250831	88.330	497	20	2	17	476	1	496	0.0	850
transcript_21_support_5_5_not_tested_5__6	HSFY2|ENST00000344884	76.712	73	17	0	5	77	63	135	1.81e-36	115
transcript_21_support_3_3_not_tested_3__62	HSFY2|ENST00000344884	81.343	134	25	0	16	149	1	134	8.08e-77	221
transcript_21_support_7_9_0.0_9__12	DAZ3|ENST00000315357	80.000	125	25	0	1	125	72	196	3.45e-54	171
transcript_21_support_2_12_not_tested_12__19	DAZ4|ENST00000415508	82.653	196	34	0	80	275	1	196	1.46e-92	276
transcript_21_support_7_2_3.002534769467475e-15_8_(S_1143_1);(S_1811_1);(S_1945_1)_46	CDY1B|ENST00000382407	97.967	541	10	1	105	645	1	540	0.0	1104
transcript_211_support_8_25_0.0_25__7	TSPY9P|ENST00000440215	96.226	106	4	0	1	106	204	309	1.05e-77	225
transcript_211_support_3_3_not_tested_3__3	DAZ3|ENST00000315357	93.805	113	7	0	1	113	254	366	8.57e-72	212
transcript_211_support_3_3_not_tested_3__3	DAZ3|ENST00000315357	79.070	86	18	0	2	87	183	268	1.15e-38	126
transcript_213_support_7_7_5.80823561557738e-18_14_(D_2323_1)_3	DAZ3|ENST00000315357	93.805	113	7	0	1	113	254	366	8.57e-72	212
transcript_213_support_7_7_5.80823561557738e-18_14_(D_2323_1)_3	DAZ3|ENST00000315357	79.070	86	18	0	2	87	183	268	1.15e-38	126
transcript_215_support_5_12_1.6551367118089494e-44_20_(D_699_1)_10	TSPY10|ENST00000428845	97.790	181	4	0	1	181	123	303	9.10e-138	380
transcript_216_support_3_3_not_tested_3__29	RBMY1J|ENST00000250831	88.732	497	18	2	8	467	1	496	0.0	855
transcript_217_support_5_5_not_tested_5__7	VCY1B|ENST00000250823	81.250	128	12	1	2	129	1	116	7.81e-56	166
transcript_218_support_5_3_4.961714818698089e-09_42_(S_563_1)_6	RBMY1F|ENST00000454978	95.536	112	4	1	1	112	349	459	1.10e-70	212
transcript_219_support_4_25_0.0_25__6	TSPY2|ENST00000320701	96.000	100	4	0	1	100	204	303	4.13e-72	211
transcript_22_support_2_2_1.425008601683527e-10_26_(S_484_1);(S_546_1)_6	VCY1B|ENST00000250823	85.246	122	12	1	10	131	1	116	2.44e-56	167
transcript_22_support_2_4_not_tested_4__9	DAZ4|ENST00000415508	77.551	98	22	0	2	99	99	196	1.56e-36	124
transcript_22_support_5_9_0.0_9__44	CDY1B|ENST00000382407	97.412	541	13	1	105	645	1	540	0.0	1096
transcript_220_support_3_3_not_tested_3__3	DAZ3|ENST00000315357	94.215	121	7	0	1	121	246	366	2.58e-77	226
transcript_220_support_3_3_not_tested_3__3	DAZ3|ENST00000315357	77.895	95	21	0	1	95	174	268	4.20e-42	136
transcript_221_support_3_2_9.488848646535983e-08_6_(I_2054_8);(I_2355_1)_3	DAZ3|ENST00000315357	94.215	121	7	0	1	121	246	366	2.58e-77	226
transcript_221_support_3_2_9.488848646535983e-08_6_(I_2054_8);(I_2355_1)_3	DAZ3|ENST00000315357	77.895	95	21	0	1	95	174	268	4.20e-42	136
transcript_223_support_5_7_4.618967958241436e-29_10_(S_105_1)_5	RBMY1F|ENST00000454978	90.667	75	6	1	1	75	386	459	6.56e-41	132
transcript_224_support_3_3_not_tested_3__5	RBMY1F|ENST00000454978	98.148	54	0	1	1	54	386	438	1.18e-33	114
transcript_224_support_10_11_not_tested_11__3	DAZ3|ENST00000315357	94.845	97	5	0	1	97	270	366	8.00e-62	186
transcript_224_support_10_11_not_tested_11__3	DAZ3|ENST00000315357	80.282	71	14	0	1	71	198	268	4.69e-31	105
transcript_226_support_4_4_5.379141181709922e-07_6_(D_1474_7);(D_2100_7)_3	DAZ3|ENST00000315357	93.103	145	10	0	1	145	222	366	1.68e-91	264
transcript_226_support_4_4_5.379141181709922e-07_6_(D_1474_7);(D_2100_7)_3	DAZ3|ENST00000315357	75.728	103	25	0	17	119	166	268	6.99e-44	141
transcript_227_support_2_2_0.0034707185939536443_6_(I_1474_7);(I_2099_7)_3	DAZ3|ENST00000315357	93.103	145	10	0	1	145	222	366	1.68e-91	264
transcript_227_support_2_2_0.0034707185939536443_6_(I_1474_7);(I_2099_7)_3	DAZ3|ENST00000315357	75.728	103	25	0	17	119	166	268	6.99e-44	141
transcript_228_support_2_2_5.778463764350554e-07_26_(S_488_1)_5	RBMY1F|ENST00000454978	93.243	74	4	1	1	74	387	459	1.06e-42	137
transcript_23_support_6_7_6.105467952991899e-41_10_(S_379_1)_1	DAZ3|ENST00000315357	93.651	63	4	0	1	63	284	346	4.52e-35	115
transcript_23_support_4_5_not_tested_5__14	BPY2B|ENST00000615850	97.333	75	2	0	1	75	27	101	1.31e-48	144
transcript_23_support_3_3_not_tested_3__20	RBMY1F|ENST00000454978	90.426	94	8	1	16	109	361	453	3.72e-55	172
transcript_23_support_4_6_not_tested_6__17	DAZ4|ENST00000382296	90.071	423	42	0	1	423	229	651	0.0	712
transcript_23_support_4_6_not_tested_6__17	DAZ4|ENST00000382296	84.615	117	17	1	1	117	64	179	5.24e-50	173
transcript_230_support_2_3_3.527562881777136e-12_10_(S_108_1)_5	RBMY1F|ENST00000454978	90.541	74	6	1	1	74	387	459	5.89e-40	130
transcript_234_support_9_9_1.6250377227830937e-142_74_(S_99_1);(S_114_1);(S_144_1);(S_200_1);(S_474_1)_5	RBMY1F|ENST00000454978	91.892	74	5	1	1	74	387	459	2.93e-42	136
transcript_234_support_3_3_2.403557525421295e-11_6_(D_2055_7);(S_3100_1)_13	DAZ4|ENST00000382296	88.978	372	41	0	1	372	280	651	0.0	608
transcript_235_support_3_3_1.4171749610131342e-10_6_(I_2055_7);(S_3099_1)_13	DAZ4|ENST00000382296	88.978	372	41	0	1	372	280	651	0.0	608
transcript_237_support_4_7_2.1942772231822902e-35_16_(S_212_1)_7	RBMY1B|ENST00000383020	96.599	147	4	1	1	147	351	496	2.58e-96	280
transcript_239_support_4_5_6.894438800366672e-173_13_(S_243_1);(S_244_1);(S_281_1);(S_308_1);(S_417_1);(S_687_1)_7	RBMY1J|ENST00000250831	95.238	147	6	1	1	147	351	496	4.62e-94	275
transcript_24_support_3_5_not_tested_5__4	RBMY1F|ENST00000454978	73.684	76	19	1	1	76	362	436	7.78e-32	108
transcript_24_support_5_5_not_tested_5__10	BPY2B|ENST00000615850	92.500	80	6	0	11	90	22	101	4.90e-49	144
transcript_24_support_3_3_not_tested_3__20	XKRY|AF000997.1	73.256	86	23	0	9	94	19	104	3.91e-39	122
transcript_24_support_8_9_not_tested_9__20	RBMY1F|ENST00000454978	96.739	92	2	1	25	116	361	451	8.26e-59	181
transcript_24_support_3_6_not_tested_6__29	HSFY2|ENST00000304790	84.896	192	29	0	27	218	189	380	4.92e-115	328
transcript_24_support_5_4_2.978454528062246e-39_8_(S_1139_1);(S_1807_1);(S_1941_1)_46	CDY1B|ENST00000382407	97.782	541	11	1	106	646	1	540	0.0	1101
transcript_240_support_5_9_2.032304349077262e-47_16_(S_212_1)_7	RBMY1B|ENST00000383020	96.599	147	4	1	1	147	351	496	2.58e-96	280
transcript_241_support_3_3_not_tested_3__9	RBMY1J|ENST00000250831	89.437	142	14	1	3	144	356	496	2.62e-84	249
transcript_242_support_28_32_1.7403690165213384e-81_59_(S_74_1)_6	RBMY1F|ENST00000454978	97.030	101	2	1	1	101	360	459	5.28e-65	196
transcript_242_support_5_5_1.2094307120015113e-07_24_(D_1226_4);(D_1227_4)_3	DAZ3|ENST00000315357	93.750	112	7	0	1	112	255	366	4.01e-71	210
transcript_242_support_5_5_1.2094307120015113e-07_24_(D_1226_4);(D_1227_4)_3	DAZ3|ENST00000315357	79.070	86	18	0	1	86	183	268	8.23e-39	127
transcript_245_support_4_10_0.0_10__6	RBMY1F|ENST00000454978	95.050	101	4	1	1	101	360	459	5.58e-63	191
transcript_246_support_8_8_not_tested_8__3	RBMY1F|ENST00000454978	68.317	101	0	3	1	70	360	459	1.31e-34	115
transcript_25_support_3_4_not_tested_4__2	DAZ3|ENST00000315357	91.111	135	12	0	1	135	212	346	3.05e-78	229
transcript_250_support_17_27_5.140203182458148e-71_59_(S_74_1)_6	RBMY1F|ENST00000454978	97.030	101	2	1	1	101	360	459	5.28e-65	196
transcript_250_support_2_8_not_tested_8__8	VCY1B|ENST00000250823	85.246	122	12	1	32	153	1	116	3.87e-56	167
transcript_251_support_2_3_2.6329577124249413e-11_30_(S_169_1)_6	RBMY1F|ENST00000454978	96.040	101	3	1	1	101	360	459	2.06e-64	195
transcript_254_support_7_7_2.3476727886923914e-117_13_(S_7_1);(S_51_1);(S_60_1);(S_305_1)_8	RBMY1B|ENST00000383020	94.565	184	9	1	1	184	314	496	5.69e-118	337
transcript_255_support_3_3_not_tested_3__7	VCY1B|ENST00000250823	66.942	121	23	2	17	126	1	115	1.08e-32	106
transcript_255_support_5_11_0.0_11__7	RBMY1B|ENST00000383020	96.078	153	5	1	3	155	345	496	1.52e-99	289
transcript_256_support_2_3_2.552277246544811e-06_8_(S_273_1)_8	RBMY1B|ENST00000383020	95.210	167	7	1	1	167	331	496	3.79e-108	311
transcript_257_support_2_5_6.066945185431888e-14_8_(S_273_1)_8	RBMY1B|ENST00000383020	95.210	167	7	1	1	167	331	496	3.79e-108	311
transcript_26_support_3_3_not_tested_3__12	BPY2B|ENST00000615850	92.405	79	6	0	11	89	22	100	2.43e-48	143
transcript_26_support_3_7_not_tested_7__4	RBMY1F|ENST00000454978	72.917	96	25	1	1	96	342	436	2.19e-41	134
transcript_26_support_3_3_not_tested_3__8	RBMY1J|ENST00000250831	93.182	176	11	1	1	176	322	496	1.57e-110	318
transcript_26_support_2_2_5.712571056934769e-10_4_(S_24_1)_13	DAZ4|ENST00000415508	81.343	134	25	0	1	134	63	196	1.49e-60	188
transcript_26_support_3_6_not_tested_6__14	TSPY10|ENST00000428845	95.802	262	8	1	1	259	14	275	0.0	512
transcript_261_support_6_5_1.030117190922935e-214_11_(S_350_1);(S_408_1);(S_471_1);(S_510_1);(D_715_2);(I_718_2);(S_806_1);(S_850_1);(S_859_1)_19	RBMY1J|ENST00000250831	94.375	160	8	1	1	160	338	496	5.57e-102	295
transcript_261_support_6_5_1.030117190922935e-214_11_(S_350_1);(S_408_1);(S_471_1);(S_510_1);(D_715_2);(I_718_2);(S_806_1);(S_850_1);(S_859_1)_11	RBMY1F|ENST00000454978	95.053	283	14	0	1	283	17	299	0.0	535
transcript_262_support_5_11_not_tested_11__4	VCY1B|ENST00000250823	84.615	91	8	1	2	92	32	116	1.31e-46	140
transcript_262_support_4_1_1.8391619523712656e-43_11_(S_350_1);(S_408_1);(S_471_1);(S_510_1);(I_715_2);(D_717_2);(S_806_1);(S_850_1);(S_859_1)_18	RBMY1J|ENST00000250831	88.358	481	18	2	1	444	17	496	0.0	822
transcript_264_support_3_3_not_tested_3__18	RBMY1F|ENST00000454978	86.486	444	22	3	1	407	17	459	0.0	734
transcript_267_support_3_19_0.0_19__2	DAZ4|ENST00000415508	95.714	70	3	0	1	70	297	366	5.40e-45	141
transcript_268_support_4_9_not_tested_9__3	VCY1B|ENST00000250823	95.082	61	3	0	1	61	56	116	8.66e-37	114
transcript_269_support_14_39_not_tested_39__6	RBMY1F|ENST00000454978	95.327	107	4	1	1	107	354	459	1.07e-67	204
transcript_27_support_4_6_not_tested_6__10	TSPY4|ENST00000426950	97.647	170	4	0	1	170	140	309	3.57e-129	358
transcript_27_support_2_2_5.712571056934769e-10_4_(S_24_1)_13	DAZ4|ENST00000415508	80.597	134	26	0	1	134	63	196	2.84e-60	187
transcript_270_support_3_10_0.0_10__6	RBMY1F|ENST00000454978	93.458	107	6	1	1	107	354	459	1.05e-65	199
transcript_272_support_3_3_4.514129011689041e-16_9_(S_361_1);(D_428_2);(D_429_2);(D_430_1)_5	RBMY1F|ENST00000454978	90.141	71	6	1	1	71	390	459	8.18e-38	124
transcript_276_support_3_4_not_tested_4__10	RBMY1J|ENST00000250831	83.951	324	14	2	1	287	174	496	0.0	510
transcript_277_support_5_1_0.004488035950576164_9_(D_366_2)_2	VCY1B|ENST00000250823	94.737	57	3	0	1	57	60	116	2.51e-33	105
transcript_28_support_3_4_1.1594591286772032e-93_8_(S_25_1);(S_26_1);(S_71_1);(S_89_1);(S_138_1);(S_196_1);(S_283_1)_5	RBMY1F|ENST00000454978	90.278	72	6	1	1	72	389	459	6.95e-40	129
transcript_280_support_3_29_0.0_29__4	VCY1B|ENST00000250823	83.951	81	7	1	1	81	42	116	7.10e-41	125
transcript_284_support_5_18_0.0_18__4	VCY1B|ENST00000250823	82.895	76	13	0	5	80	41	116	3.26e-39	121
transcript_285_support_13_15_0.0_20_(I_1_1);(I_3_1);(I_6_3);(D_10_1);(S_25_1);(S_32_1);(S_357_1)_4	VCY1B|ENST00000250823	86.486	74	7	1	1	74	46	116	1.58e-39	122
transcript_289_support_7_29_0.0_29__4	VCY1B|ENST00000250823	86.486	74	7	1	1	74	46	116	1.26e-39	122
transcript_29_support_2_2_2.900037062697132e-10_3_(I_1025_1)_25	HSFY2|ENST00000304790	81.250	64	12	0	8	71	338	401	2.24e-32	108
transcript_29_support_2_2_2.900037062697132e-10_3_(I_1025_1)_10	HSFY2|ENST00000344884	69.767	86	24	1	8	91	1	86	5.43e-36	115
transcript_29_support_4_5_2.1684112592710363e-23_9_(S_109_1);(S_579_1)_6	RBMY1F|ENST00000454978	95.763	118	4	1	1	118	343	459	1.60e-75	224
transcript_29_support_3_3_not_tested_3__33	DAZ3|ENST00000315357	87.000	100	13	0	43	142	212	311	1.98e-53	166
transcript_29_support_3_3_not_tested_3__33	DAZ3|ENST00000315357	86.000	100	14	0	43	142	236	335	1.19e-52	164
transcript_29_support_3_3_not_tested_3__33	DAZ3|ENST00000315357	82.000	100	18	0	43	142	188	287	5.71e-50	157
transcript_29_support_3_3_not_tested_3__33	DAZ3|ENST00000315357	77.551	98	22	0	45	142	166	263	3.87e-43	139
transcript_29_support_3_3_not_tested_3__33	DAZ3|ENST00000315357	81.481	81	15	0	43	123	260	340	2.92e-38	127
transcript_29_support_2_2_1.3361038333478966e-08_7_(S_93_1)_23	DAZ4|ENST00000382296	89.733	487	50	0	10	496	165	651	0.0	806
transcript_29_support_2_2_1.3361038333478966e-08_7_(S_93_1)_23	DAZ4|ENST00000382296	86.667	180	23	1	11	190	1	179	2.23e-82	262
transcript_290_support_5_6_4.660743906267971e-27_8_(S_519_1)_7	RBMY1F|ENST00000454978	96.183	131	4	1	1	131	330	459	4.20e-85	249
transcript_290_support_2_6_5.524661878710932e-201_7_(D_42_1);(D_51_2);(S_78_1);(S_84_1);(D_101_2);(D_114_2);(S_144_1);(S_150_1)_9	VCY1B|ENST00000250823	85.714	119	11	1	19	137	1	113	2.77e-54	162
transcript_291_support_3_2_1.5032624292956822e-08_8_(S_519_1)_7	RBMY1F|ENST00000454978	96.183	131	4	1	1	131	330	459	4.20e-85	249
transcript_295_support_2_2_1.4664931858651757e-10_7_(S_263_1)_5	VCY1B|ENST00000250823	84.685	111	11	1	1	111	12	116	8.29e-50	149
transcript_2_support_3_3_not_tested_3__5	RBMY1F|ENST00000454978	95.522	67	2	1	1	67	394	459	8.80e-40	129
transcript_2_support_3_4_not_tested_4__9	HSFY2|ENST00000344884	96.667	60	2	0	8	67	1	60	3.45e-39	122
transcript_2_support_3_3_not_tested_3__8	BPY2B|ENST00000615850	92.405	79	6	0	11	89	22	100	2.43e-48	143
transcript_2_support_3_13_0.0_13__23	RBMY1F|ENST00000454978	90.426	94	8	1	16	109	361	453	3.72e-55	172
transcript_2_support_3_3_not_tested_3__25	XKRY|AF000997.1	87.500	104	13	0	8	111	1	104	2.64e-61	179
transcript_2_support_2_9_not_tested_9__4	VCY1B|ENST00000250823	70.370	108	8	1	1	108	33	116	7.29e-41	129
transcript_2_support_3_3_not_tested_3__23	CDY2B|ENST00000382867	95.631	206	9	0	106	311	1	206	1.24e-143	410
transcript_2_support_5_7_not_tested_7__18	DAZ4|ENST00000415508	82.653	196	34	0	80	275	1	196	1.46e-92	276
transcript_2_support_4_3_5.482246546432404e-87_5_(S_425_1);(S_808_1);(S_932_1);(S_1202_1);(S_1246_1);(S_1310_1)_44	CDY1B|ENST00000382407	97.412	541	13	1	112	652	1	540	0.0	1095
transcript_30_support_2_1_4.541151299879943e-05_3_(D_1025_1)_25	HSFY2|ENST00000304790	81.250	64	12	0	8	71	338	401	2.24e-32	108
transcript_30_support_3_3_not_tested_3__2	RBMY1F|ENST00000454978	95.402	87	4	0	2	88	213	299	3.21e-51	160
transcript_30_support_2_1_4.541151299879943e-05_3_(D_1025_1)_10	HSFY2|ENST00000344884	69.767	86	24	1	8	91	1	86	5.43e-36	115
transcript_30_support_5_7_not_tested_7__11	BPY2B|ENST00000615850	85.714	84	8	1	3	82	18	101	6.50e-47	140
transcript_30_support_3_3_not_tested_3__10	RBMY1J|ENST00000250831	94.375	160	8	1	1	160	338	496	5.57e-102	295
transcript_30_support_3_3_not_tested_3__13	TSPY9P|ENST00000440215	95.205	146	7	0	19	164	164	309	7.20e-106	299
transcript_30_support_22_22_not_tested_22__6	DAZ4|ENST00000382432	90.948	232	21	0	1	232	307	538	7.09e-135	384
transcript_30_support_22_22_not_tested_22__6	DAZ4|ENST00000382432	85.398	226	33	0	1	226	235	460	7.37e-120	346
transcript_30_support_22_22_not_tested_22__6	DAZ4|ENST00000382432	84.513	226	35	0	1	226	211	436	4.89e-118	342
transcript_30_support_22_22_not_tested_22__6	DAZ4|ENST00000382432	83.186	226	38	0	1	226	187	412	6.67e-117	338
transcript_30_support_22_22_not_tested_22__6	DAZ4|ENST00000382432	81.166	223	42	0	4	226	166	388	4.31e-110	321
transcript_30_support_5_5_2.1132743741297408e-22_7_(S_93_1)_23	DAZ4|ENST00000382296	89.733	487	50	0	10	496	165	651	0.0	806
transcript_30_support_5_5_2.1132743741297408e-22_7_(S_93_1)_23	DAZ4|ENST00000382296	86.667	180	23	1	11	190	1	179	2.23e-82	262
transcript_309_support_2_2_1.5238031205996243e-37_63_(S_29_1);(S_62_1);(S_103_1);(S_136_1);(D_201_5);(S_208_1);(S_244_1)_4	RBMY1F|ENST00000454978	96.296	54	2	0	1	54	406	459	5.27e-32	107
transcript_31_support_3_3_7.400095594876059e-17_10_(S_377_1)_1	DAZ3|ENST00000315357	93.750	64	4	0	1	64	283	346	9.94e-36	117
transcript_316_support_2_11_not_tested_11__4	VCY1B|ENST00000250823	79.381	97	8	1	10	106	32	116	8.79e-46	139
transcript_318_support_3_5_1.1789028749275256e-26_7_(S_917_1)_9	RBMY1J|ENST00000250831	94.375	160	8	1	1	160	338	496	5.57e-102	295
transcript_32_support_3_3_not_tested_3__14	BPY2B|ENST00000615850	90.588	85	6	1	11	93	22	106	2.55e-49	145
transcript_32_support_20_48_not_tested_48__33	HSFY2|ENST00000304790	96.023	176	7	0	5	180	226	401	1.03e-121	343
transcript_32_support_20_48_not_tested_48__21	HSFY2|ENST00000304790	96.875	224	7	0	8	231	1	224	1.63e-164	454
transcript_32_support_2_2_6.457380808427722e-06_11_(S_798_1)_7	VCY1B|ENST00000250823	75.000	140	11	1	11	150	1	116	6.09e-54	164
transcript_323_support_3_3_not_tested_3__22	RBMY1J|ENST00000250831	86.922	497	27	2	17	476	1	496	0.0	834
transcript_327_support_3_2_2.657468360972124e-10_7_(S_926_1)_9	RBMY1J|ENST00000250831	94.375	160	8	1	1	160	338	496	5.57e-102	295
transcript_33_support_5_7_not_tested_7__13	BPY2B|ENST00000615850	92.500	80	6	0	11	90	22	101	1.64e-48	145
transcript_33_support_2_3_1.6251286299187035e-09_51_(S_852_1)_33	HSFY2|ENST00000304790	96.023	176	7	0	5	180	226	401	1.03e-121	343
transcript_33_support_2_3_1.6251286299187035e-09_51_(S_852_1)_21	HSFY2|ENST00000304790	96.875	224	7	0	8	231	1	224	1.63e-164	454
transcript_33_support_3_3_not_tested_3__24	DAZ3|ENST00000315357	82.564	195	34	0	23	217	2	196	5.24e-92	272
transcript_335_support_3_2_5.20314144062631e-33_13_(S_25_1);(S_69_1);(S_78_1);(S_323_1)_9	RBMY1J|ENST00000250831	94.375	160	8	1	1	160	338	496	5.57e-102	295
transcript_338_support_3_2_1.1860604694887489e-05_30_(S_510_1)_6	RBMY1F|ENST00000454978	96.512	86	2	1	1	86	375	459	1.19e-53	166
transcript_34_support_3_4_not_tested_4__16	TSPY2|ENST00000429039	92.000	50	4	0	13	62	139	188	1.51e-31	103
transcript_34_support_3_3_not_tested_3__14	HSFY2|ENST00000344884	76.712	73	17	0	5	77	63	135	1.81e-36	115
transcript_34_support_3_4_not_tested_4__12	TSPY3|ENST00000440483	98.462	65	1	0	6	70	74	138	3.01e-44	134
transcript_34_support_3_5_not_tested_5__4	VCY1B|ENST00000250823	84.615	91	8	1	7	97	32	116	7.80e-47	141
transcript_34_support_2_3_1.6687972982856178e-05_50_(D_1042_5)_15	TSPY10|ENST00000428845	96.207	290	8	1	1	287	14	303	0.0	573
transcript_340_support_3_3_not_tested_3__5	RBMY1F|ENST00000454978	90.244	82	7	1	1	82	375	455	1.88e-46	147
transcript_341_support_5_4_1.4729760128704148e-80_28_(S_40_1);(S_71_1);(S_72_1);(S_109_1);(S_136_1);(S_245_1);(S_515_1)_5	RBMY1F|ENST00000454978	94.186	86	4	1	1	86	375	459	1.50e-51	161
transcript_344_support_3_3_not_tested_3__17	RBMY1J|ENST00000250831	87.609	460	19	2	1	423	38	496	0.0	772
transcript_35_support_3_3_not_tested_3__4	TSPY4|ENST00000640033	93.939	66	4	0	1	66	152	217	4.85e-45	137
transcript_35_support_3_3_not_tested_3__10	BPY2B|ENST00000615850	92.405	79	6	0	11	89	22	100	2.28e-48	143
transcript_35_support_2_2_6.458632828909054e-08_19_(S_464_1)_2	DAZ3|ENST00000315357	92.308	117	9	0	1	117	230	346	7.79e-68	202
transcript_35_support_2_2_6.458632828909054e-08_19_(S_464_1)_2	DAZ3|ENST00000315357	75.728	103	25	0	9	111	166	268	8.50e-44	140
transcript_35_support_8_11_not_tested_11__16	HSFY2|ENST00000304790	96.503	143	5	0	10	152	82	224	1.21e-100	288
transcript_35_support_8_11_not_tested_11__28	HSFY2|ENST00000304790	96.023	176	7	0	5	180	226	401	1.03e-121	343
transcript_35_support_8_31_3.588019002372524e-161_62_(S_21_1);(S_186_1)_29	XKRY|AF000997.1	52.941	136	56	3	231	363	19	149	7.93e-32	113
transcript_36_support_3_4_1.0495313369569563e-46_12_(S_35_1);(S_148_1);(S_159_1);(S_1205_1)_8	HSFY2|ENST00000344884	95.918	49	2	0	8	56	1	49	2.12e-31	102
transcript_36_support_5_5_not_tested_5__10	BPY2B|ENST00000615850	92.405	79	6	0	11	89	22	100	2.28e-48	143
transcript_36_support_3_4_1.0495313369569563e-46_12_(S_35_1);(S_148_1);(S_159_1);(S_1205_1)_19	HSFY2|ENST00000304790	97.203	143	4	0	7	149	82	224	3.85e-102	292
transcript_36_support_3_4_1.0495313369569563e-46_12_(S_35_1);(S_148_1);(S_159_1);(S_1205_1)_31	HSFY2|ENST00000304790	96.023	176	7	0	5	180	226	401	1.03e-121	343
transcript_364_support_4_4_2.9693898459651935e-48_72_(S_58_1);(S_73_1);(S_103_1);(S_159_1);(S_304_1)_4	RBMY1F|ENST00000454978	91.667	60	5	0	4	63	400	459	1.48e-34	115
transcript_37_support_7_7_not_tested_7__8	BPY2B|ENST00000615850	96.053	76	3	0	4	79	26	101	1.27e-48	145
transcript_37_support_3_4_not_tested_4__20	RBMY1F|ENST00000454978	89.437	142	14	1	3	144	319	459	3.97e-86	253
transcript_38_support_3_3_not_tested_3__49	CDY1B|ENST00000382407	95.604	91	4	0	1	91	450	540	6.78e-56	174
transcript_38_support_3_3_not_tested_3__21	CDY1B|ENST00000382407	93.103	87	6	0	17	103	62	148	6.13e-52	164
transcript_38_support_3_3_not_tested_3__14	CDY2B|ENST00000382867	90.625	64	6	0	76	139	1	64	1.39e-38	130
transcript_38_support_3_3_not_tested_3__42	CDY2B|ENST00000382867	94.098	305	16	1	2	306	147	449	0.0	595
transcript_39_support_4_7_not_tested_7__10	HSFY2|ENST00000344884	69.767	86	24	1	8	91	1	86	5.43e-36	115
transcript_39_support_3_3_not_tested_3__7	RBMY1F|ENST00000454978	78.689	122	25	1	14	135	335	455	1.02e-56	177
transcript_39_support_13_38_not_tested_38__33	HSFY2|ENST00000304790	96.023	176	7	0	5	180	226	401	1.03e-121	343
transcript_39_support_13_38_not_tested_38__21	HSFY2|ENST00000304790	96.429	224	8	0	8	231	1	224	1.17e-163	452
transcript_3_support_3_19_0.0_19__3	VCY1B|ENST00000250823	96.491	57	2	0	1	57	57	113	6.40e-34	107
transcript_3_support_3_5_not_tested_5__13	RBMY1F|ENST00000454978	97.468	79	1	1	25	103	361	438	1.12e-49	157
transcript_3_support_3_3_not_tested_3__25	RBMY1F|ENST00000454978	90.426	94	8	1	16	109	361	453	7.26e-55	172
transcript_3_support_3_3_not_tested_3__6	VCY1B|ENST00000250823	74.820	139	11	1	1	139	2	116	2.98e-54	162
transcript_3_support_9_25_not_tested_25__29	HSFY2|ENST00000304790	96.023	176	7	0	5	180	226	401	1.03e-121	343
transcript_3_support_9_25_not_tested_25__17	HSFY2|ENST00000304790	96.635	208	7	0	1	208	17	224	8.34e-152	421
transcript_3_support_3_3_not_tested_3__7	VCY1B|ENST00000250823	75.000	140	11	1	15	154	1	116	2.53e-54	164
transcript_40_support_2_4_not_tested_4__8	TSPY2|ENST00000429039	92.000	50	4	0	13	62	139	188	1.51e-31	103
transcript_40_support_12_17_1.7475695883065706e-79_19_(S_477_1)_2	DAZ3|ENST00000315357	92.793	111	8	0	2	112	236	346	7.60e-65	194
transcript_40_support_12_17_1.7475695883065706e-79_19_(S_477_1)_2	DAZ3|ENST00000315357	75.728	103	25	0	4	106	166	268	5.65e-44	140
transcript_41_support_6_9_6.40865069812739e-175_15_(S_151_1);(S_162_1);(S_554_1);(S_1071_1);(S_1094_1)_8	HSFY2|ENST00000344884	97.959	49	1	0	8	56	1	49	4.19e-32	103
transcript_41_support_6_9_6.40865069812739e-175_15_(S_151_1);(S_162_1);(S_554_1);(S_1071_1);(S_1094_1)_19	HSFY2|ENST00000304790	97.203	143	4	0	7	149	82	224	3.85e-102	292
transcript_41_support_6_9_6.40865069812739e-175_15_(S_151_1);(S_162_1);(S_554_1);(S_1071_1);(S_1094_1)_31	HSFY2|ENST00000304790	96.023	176	7	0	5	180	226	401	8.03e-121	341
transcript_41_support_3_5_2.5144270414425684e-193_9_(S_147_1);(S_157_1);(S_270_1);(S_374_1);(S_639_1);(S_806_1);(S_1124_1);(S_1175_1)_28	HSFY2|ENST00000304790	85.496	262	38	0	11	272	120	381	1.09e-163	454
transcript_41_support_11_45_not_tested_45__17	DAZ4|ENST00000415508	82.653	196	34	0	73	268	1	196	1.48e-92	275
transcript_42_support_3_3_not_tested_3__18	TSPY2|ENST00000429039	92.000	50	4	0	13	62	139	188	1.51e-31	103
transcript_42_support_3_3_not_tested_3__14	TSPY3|ENST00000440483	98.462	65	1	0	6	70	74	138	2.42e-44	134
transcript_42_support_3_6_not_tested_6__9	RBMY1F|ENST00000454978	97.000	100	2	1	25	124	361	459	3.13e-64	196
transcript_42_support_18_76_not_tested_76__8	VCY1B|ENST00000250823	79.200	125	14	1	21	145	1	113	3.28e-54	162
transcript_42_support_3_3_not_tested_3__17	XKRY|AF000997.1	52.941	136	56	3	63	195	19	149	3.83e-33	113
transcript_42_support_2_2_4.816081113280646e-18_6_(S_912_1);(S_935_1)_26	HSFY2|ENST00000344884	97.093	172	5	0	8	179	1	172	2.76e-124	348
transcript_42_support_2_2_8.402426396421286e-06_19_(S_527_1)_46	CDY1B|ENST00000382407	97.597	541	12	1	99	639	1	540	0.0	1099
transcript_43_support_4_4_not_tested_4__8	HSFY2|ENST00000344884	69.767	86	24	1	8	91	1	86	5.43e-36	115
transcript_43_support_4_9_not_tested_9__19	TSPY4|ENST00000640033	92.500	80	6	0	12	91	138	217	7.68e-55	163
transcript_43_support_3_3_6.58434233201675e-11_6_(S_399_1)_93	PRYP3|ENST00000343584	96.552	87	2	1	21	107	62	147	2.29e-58	170
transcript_43_support_4_9_not_tested_9__14	TSPY3|ENST00000424594	84.615	247	14	3	1	223	18	264	1.20e-134	375
transcript_43_support_3_4_not_tested_4__14	XKRY|AF000997.1	52.941	136	56	3	31	163	19	149	1.54e-33	113
transcript_43_support_2_2_4.816081113280646e-18_6_(S_912_1);(S_935_1)_26	HSFY2|ENST00000344884	97.093	172	5	0	8	179	1	172	2.64e-124	348
transcript_43_support_8_4_1.1322605182740635e-15_12_(S_1557_1)_28	XKRY|AF000997.1	52.941	136	56	3	224	356	19	149	7.23e-32	113
transcript_43_support_3_17_1.230615542463221e-56_19_(S_527_1)_46	CDY1B|ENST00000382407	97.782	541	11	1	99	639	1	540	0.0	1102
transcript_44_support_3_3_1.1479945380643808e-11_6_(S_399_1)_93	PRYP3|ENST00000343584	96.552	87	2	1	21	107	62	147	2.29e-58	170
transcript_44_support_3_3_not_tested_3__7	TSPY2|ENST00000383042	94.558	147	5	1	1	144	18	164	1.52e-94	269
transcript_44_support_7_44_not_tested_44__7	VCY1B|ENST00000250823	79.200	125	14	1	6	130	1	113	1.52e-54	163
transcript_44_support_3_3_not_tested_3__16	TSPY9P|ENST00000440215	81.657	169	28	1	25	193	144	309	4.63e-100	286
transcript_45_support_8_34_0.0_34__6	VCY1B|ENST00000250823	77.647	85	7	1	2	86	41	113	1.41e-37	118
transcript_45_support_3_6_3.257780538464949e-11_52_(S_38_1)_33	HSFY2|ENST00000304790	96.023	176	7	0	5	180	226	401	1.03e-121	343
transcript_45_support_3_6_3.257780538464949e-11_52_(S_38_1)_21	HSFY2|ENST00000304790	96.875	224	7	0	8	231	1	224	1.63e-164	454
transcript_45_support_5_5_not_tested_5__24	XKRY|AF000997.1	50.685	146	64	3	108	250	19	159	1.72e-32	112
transcript_46_support_5_27_0.0_27__1	DAZ3|ENST00000315357	94.444	72	4	0	1	72	275	346	2.87e-41	131
transcript_46_support_5_5_not_tested_5__121	PRYP3|ENST00000343584	96.552	87	2	1	21	107	62	147	2.29e-58	170
transcript_46_support_3_3_not_tested_3__17	TSPY3|ENST00000424594	95.798	238	7	1	2	236	57	294	1.31e-173	473
transcript_47_support_5_19_not_tested_19__14	HSFY2|ENST00000344884	76.712	73	17	0	5	77	63	135	1.81e-36	115
transcript_47_support_4_4_not_tested_4__157	PRYP3|ENST00000343584	96.552	87	2	1	21	107	62	147	2.29e-58	170
transcript_47_support_11_31_not_tested_31__33	HSFY2|ENST00000304790	96.023	176	7	0	5	180	226	401	8.03e-121	341
transcript_47_support_11_31_not_tested_31__21	HSFY2|ENST00000304790	96.875	224	7	0	8	231	1	224	1.63e-164	454
transcript_47_support_5_5_not_tested_5__14	DAZ4|ENST00000415508	81.646	158	29	0	1	158	39	196	3.33e-76	229
transcript_47_support_3_3_not_tested_3__16	TSPY10|ENST00000428845	87.241	290	7	2	1	260	14	303	0.0	510
transcript_47_support_2_4_not_tested_4__23	RBMY1F|ENST00000454978	74.178	213	48	2	27	239	37	242	4.23e-96	286
transcript_47_support_2_4_not_tested_4__23	RBMY1F|ENST00000454978	70.629	143	41	1	198	340	314	455	1.64e-54	179
transcript_48_support_5_4_6.191641268194615e-18_7_(D_1093_1)_18	TSPY10|ENST00000428845	96.207	290	8	1	1	287	14	303	0.0	573
transcript_49_support_8_6_1.2228347435314229e-175_17_(S_137_1);(S_403_1);(S_443_1);(S_732_1);(S_1071_1);(S_1208_1)_8	HSFY2|ENST00000344884	95.918	49	2	0	8	56	1	49	3.77e-31	101
transcript_49_support_7_14_0.0_14__5	RBMY1F|ENST00000454978	93.243	74	4	1	1	74	387	459	6.65e-43	137
transcript_49_support_8_6_1.2228347435314229e-175_17_(S_137_1);(S_403_1);(S_443_1);(S_732_1);(S_1071_1);(S_1208_1)_19	HSFY2|ENST00000304790	96.503	143	5	0	7	149	82	224	1.14e-101	291
transcript_49_support_8_6_1.2228347435314229e-175_17_(S_137_1);(S_403_1);(S_443_1);(S_732_1);(S_1071_1);(S_1208_1)_31	HSFY2|ENST00000304790	96.023	176	7	0	5	180	226	401	8.38e-122	343
transcript_4_support_3_14_0.0_14__5	RBMY1F|ENST00000454978	93.827	81	4	1	1	81	380	459	1.25e-48	153
transcript_4_support_3_9_not_tested_9__5	RBMY1F|ENST00000454978	74.026	77	19	1	25	101	361	436	3.13e-32	110
transcript_4_support_3_5_2.666894798657312e-27_7_(S_267_1)_5	VCY1B|ENST00000250823	84.545	110	11	1	1	110	13	116	3.50e-49	147
transcript_4_support_3_3_not_tested_3__7	DAZ3|ENST00000382365	90.336	238	23	0	1	238	201	438	5.63e-147	411
transcript_4_support_3_3_not_tested_3__9	VCY1B|ENST00000250823	75.000	140	11	1	12	151	1	116	1.06e-53	163
transcript_4_support_6_10_0.0_10__17	XKRY|AF000997.1	52.941	136	56	3	45	177	19	149	2.39e-33	113
transcript_50_support_4_29_0.0_29__4	RBMY1F|ENST00000454978	93.750	64	3	1	1	64	397	459	1.48e-36	120
transcript_50_support_2_2_1.5490975537209132e-16_4_(S_998_1);(D_1927_3)_144	PRYP3|ENST00000343584	96.552	87	2	1	21	107	62	147	2.29e-58	170
transcript_50_support_4_4_not_tested_4__3	DAZ3|ENST00000446723	89.820	167	17	0	1	167	204	370	2.19e-97	280
transcript_51_support_9_46_not_tested_46__3	TSPY4|ENST00000640033	92.982	57	4	0	1	57	161	217	6.56e-38	119
transcript_51_support_4_74_not_tested_74__4	RBMY1F|ENST00000454978	95.312	64	2	1	1	64	397	459	4.52e-37	121
transcript_51_support_5_10_not_tested_10__5	VCY1B|ENST00000250823	93.220	59	4	0	1	59	55	113	1.69e-33	107
transcript_51_support_2_2_5.426210641682616e-17_4_(S_998_1);(I_1927_3)_145	PRYP3|ENST00000343584	96.552	87	2	1	21	107	62	147	2.29e-58	170
transcript_51_support_3_3_not_tested_3__33	HSFY2|ENST00000304790	96.023	176	7	0	5	180	226	401	1.03e-121	343
transcript_51_support_3_3_not_tested_3__21	HSFY2|ENST00000304790	95.089	224	11	0	8	231	1	224	5.75e-160	442
transcript_51_support_2_2_0.0007772705953169822_6_(I_687_5)_17	XKRY|AF000997.1	52.941	136	56	3	15	147	19	149	2.64e-33	112
transcript_51_support_7_18_1.0721269106677966e-99_53_(S_809_1);(I_1040_1)_15	TSPY10|ENST00000428845	96.207	290	8	1	1	287	14	303	0.0	573
transcript_52_support_4_3_3.6687520063707106e-11_21_(S_180_1)_2	DAZ3|ENST00000315357	92.188	64	5	0	1	64	246	309	6.17e-34	112
transcript_52_support_4_3_3.6687520063707106e-11_21_(S_180_1)_2	DAZ3|ENST00000315357	89.062	64	7	0	1	64	222	285	1.44e-32	108
transcript_52_support_4_3_3.6687520063707106e-11_21_(S_180_1)_2	DAZ3|ENST00000315357	89.062	64	7	0	1	64	270	333	2.36e-32	107
transcript_52_support_4_3_3.6687520063707106e-11_21_(S_180_1)_2	DAZ3|ENST00000315357	87.500	64	8	0	1	64	198	261	2.32e-31	105
transcript_52_support_6_7_1.3076028481058081e-23_9_(I_348_4)_10	HSFY2|ENST00000344884	69.767	86	24	1	8	91	1	86	5.43e-36	115
transcript_52_support_3_3_not_tested_3__10	BPY2B|ENST00000615850	90.588	85	6	1	11	93	22	106	2.55e-49	145
transcript_52_support_2_2_1.2420981158316197e-05_33_(S_267_1)_7	TSPY9P|ENST00000440215	95.455	110	5	0	1	110	200	309	1.53e-80	233
transcript_52_support_3_3_not_tested_3__127	PRYP3|ENST00000343584	87.302	63	8	0	21	83	62	124	1.26e-34	114
transcript_52_support_4_4_not_tested_4__15	XKRY|AF000997.1	50.685	146	64	3	15	157	19	159	1.31e-33	112
transcript_52_support_4_4_not_tested_4__10	DAZ2|ENST00000382449	90.749	227	21	0	43	269	308	534	2.22e-139	397
transcript_52_support_4_4_not_tested_4__10	DAZ2|ENST00000382449	86.070	201	28	0	43	243	236	436	2.52e-108	317
transcript_52_support_4_4_not_tested_4__10	DAZ2|ENST00000382449	83.085	201	34	0	43	243	212	412	3.70e-104	306
transcript_52_support_4_4_not_tested_4__10	DAZ2|ENST00000382449	80.000	210	39	1	37	243	179	388	3.11e-103	304
transcript_52_support_4_4_not_tested_4__10	DAZ2|ENST00000382449	79.899	199	40	0	45	243	166	364	3.88e-97	289
transcript_53_support_2_3_3.219803029795522e-10_34_(S_158_1)_12	BPY2B|ENST00000615850	90.588	85	6	1	11	93	22	106	2.55e-49	145
transcript_53_support_3_3_not_tested_3__7	RBMY1B|ENST00000383020	94.558	147	7	1	1	147	351	496	1.22e-93	273
transcript_53_support_7_7_2.3957834083303253e-32_25_(I_556_1);(S_558_1);(S_572_1)_7	VCY1B|ENST00000250823	79.200	125	14	1	21	145	1	113	3.07e-54	162
transcript_53_support_2_4_9.505126468762603e-08_6_(D_687_5)_14	XKRY|AF000997.1	52.941	136	56	3	15	147	19	149	1.43e-33	112
transcript_53_support_3_3_not_tested_3__45	CDY1B|ENST00000382407	97.782	541	11	1	99	639	1	540	0.0	1100
transcript_54_support_3_4_6.335508171224048e-97_72_(S_58_1);(S_148_1);(S_165_1);(S_181_1);(D_251_2);(I_254_1);(S_289_1);(S_304_1)_4	RBMY1F|ENST00000454978	89.062	64	6	1	1	64	397	459	9.36e-34	112
transcript_54_support_2_8_not_tested_8__9	HSFY2|ENST00000344884	69.767	86	24	1	8	91	1	86	5.43e-36	115
transcript_54_support_3_3_not_tested_3__11	TSPY4|ENST00000640033	92.500	80	6	0	12	91	138	217	7.68e-55	163
transcript_54_support_3_6_not_tested_6__12	RBMY1F|ENST00000454978	96.000	100	3	1	25	124	361	459	9.71e-63	192
transcript_54_support_2_8_not_tested_8__49	HSFY2|ENST00000304790	82.677	127	22	0	1	127	275	401	8.71e-72	214
transcript_54_support_2_2_2.175180475856325e-09_4_(S_1044_1)_27	HSFY2|ENST00000304790	84.896	192	29	0	27	218	189	380	5.20e-115	328
transcript_54_support_3_3_not_tested_3__40	CDY1B|ENST00000382407	97.782	541	11	1	41	581	1	540	0.0	1103
transcript_55_support_3_4_1.9056935923213424e-06_29_(D_2230_2)_2	DAZ3|ENST00000315357	95.181	83	4	0	1	83	284	366	6.92e-53	162
transcript_55_support_30_31_not_tested_31__12	BPY2B|ENST00000615850	90.588	85	6	1	11	93	22	106	2.55e-49	145
transcript_55_support_12_23_0.0_54_(S_137_1);(S_501_1);(S_541_1);(S_830_1);(S_1169_1);(S_1306_1)_33	HSFY2|ENST00000304790	96.023	176	7	0	5	180	226	401	8.38e-122	343
transcript_55_support_12_23_0.0_54_(S_137_1);(S_501_1);(S_541_1);(S_830_1);(S_1169_1);(S_1306_1)_21	HSFY2|ENST00000304790	95.982	224	9	0	8	231	1	224	1.48e-162	449
transcript_55_support_23_30_not_tested_30__14	XKRY|AF000997.1	52.941	136	56	3	15	147	19	149	1.43e-33	112
transcript_55_support_3_2_2.303868965192272e-09_5_(S_106_1)_7	VCY1B|ENST00000250823	86.066	122	11	1	21	142	1	116	1.62e-56	171
transcript_56_support_2_2_2.722517220730268e-05_33_(S_737_1)_12	BPY2B|ENST00000615850	90.588	85	6	1	11	93	22	106	2.55e-49	145
transcript_56_support_4_5_not_tested_5__6	RBMY1F|ENST00000454978	95.050	101	4	1	1	101	360	459	3.88e-63	192
transcript_56_support_4_9_6.655449762014179e-05_44_(I_1332_7)_34	HSFY2|ENST00000304790	96.023	176	7	0	5	180	226	401	3.25e-121	342
transcript_56_support_8_8_not_tested_8__7	DAZ3|ENST00000382365	93.103	203	14	0	1	203	236	438	1.03e-128	363
transcript_56_support_8_8_not_tested_8__7	DAZ3|ENST00000382365	80.000	175	35	0	3	177	166	340	2.63e-85	253
transcript_56_support_4_9_6.655449762014179e-05_44_(I_1332_7)_21	HSFY2|ENST00000304790	94.196	224	13	0	8	231	1	224	7.25e-158	437
transcript_57_support_4_4_not_tested_4__6	RBMY1F|ENST00000454978	97.030	101	2	1	1	101	360	459	5.28e-65	196
transcript_57_support_3_5_not_tested_5__91	PRYP3|ENST00000343584	87.302	63	8	0	21	83	62	124	3.79e-35	114
transcript_57_support_8_16_2.212487135906398e-96_25_(D_554_1);(S_557_1);(S_571_1)_8	VCY1B|ENST00000250823	79.200	125	14	1	22	146	1	113	3.15e-54	162
transcript_57_support_3_3_not_tested_3__28	HSFY2|ENST00000304790	85.441	261	38	0	11	271	120	380	4.48e-164	456
transcript_58_support_3_2_1.7493300455991788e-06_9_(D_358_4)_10	HSFY2|ENST00000344884	71.429	84	22	1	8	89	1	84	3.25e-36	115
transcript_58_support_3_5_not_tested_5__7	RBMY1F|ENST00000454978	94.400	125	6	1	1	125	336	459	6.75e-79	233
transcript_58_support_15_35_1.1755185659666273e-36_44_(D_1332_7)_34	HSFY2|ENST00000304790	96.023	176	7	0	5	180	226	401	3.25e-121	342
transcript_58_support_15_35_1.1755185659666273e-36_44_(D_1332_7)_21	HSFY2|ENST00000304790	94.196	224	13	0	8	231	1	224	7.25e-158	437
transcript_5_support_3_3_not_tested_3__9	HSFY2|ENST00000344884	88.710	62	7	0	8	69	1	62	2.80e-36	114
transcript_5_support_3_3_not_tested_3__17	BPY2B|ENST00000615850	92.500	80	6	0	11	90	22	101	3.77e-49	146
transcript_5_support_3_4_not_tested_4__20	RBMY1F|ENST00000454978	93.000	100	6	1	25	124	361	459	7.62e-61	187
transcript_5_support_3_4_3.4985988055729906e-15_11_(S_377_1)_27	XKRY|AF000997.1	72.340	94	25	1	13	106	12	104	2.92e-40	125
transcript_5_support_2_2_9.339233783785398e-08_9_(S_328_1)_20	RBMY1F|ENST00000454978	93.617	94	5	1	25	118	361	453	7.69e-58	179
transcript_5_support_4_9_not_tested_9__24	RBMY1F|ENST00000454978	90.426	94	8	1	16	109	361	453	7.26e-55	172
transcript_5_support_6_18_0.0_18__7	RBMY1J|ENST00000250831	73.611	144	37	1	11	154	331	473	1.34e-63	196
transcript_5_support_3_4_not_tested_4__17	CDY2B|ENST00000382867	98.969	97	1	0	105	201	1	97	1.19e-66	207
transcript_5_support_3_9_4.150643255803597e-28_11_(S_796_1)_7	VCY1B|ENST00000250823	75.000	140	11	1	12	151	1	116	4.84e-54	164
transcript_5_support_5_5_not_tested_5__28	XKRY|AF000997.1	52.941	136	56	3	231	363	19	149	6.91e-32	113
transcript_5_support_5_3_3.6529976206041e-29_8_(S_150_1);(I_1547_1)_28	XKRY|AF000997.1	52.941	136	56	3	227	359	19	149	7.27e-32	113
transcript_60_support_4_4_not_tested_4__3	BPY2B|ENST00000615850	100.000	63	0	0	1	63	38	100	5.83e-42	125
transcript_60_support_3_3_not_tested_3__10	RBMY1F|ENST00000454978	95.000	100	4	1	25	124	361	459	3.99e-62	190
transcript_60_support_2_11_0.0_11__7	VCY1B|ENST00000250823	78.448	116	13	1	1	116	10	113	6.33e-49	148
transcript_61_support_3_4_not_tested_4__10	RBMY1F|ENST00000454978	91.667	96	7	1	25	120	361	455	6.06e-57	176
transcript_61_support_3_4_not_tested_4__6	VCY1B|ENST00000250823	84.426	122	13	1	4	125	1	116	1.15e-55	165
transcript_62_support_7_7_not_tested_7__22	BPY2B|ENST00000615850	92.405	79	6	0	11	89	22	100	2.43e-48	143
transcript_62_support_3_3_not_tested_3__24	XKRY|AF000997.1	52.941	136	56	3	157	289	19	149	3.81e-32	112
transcript_63_support_3_24_1.741512419078446e-99_26_(S_500_1)_5	RBMY1F|ENST00000454978	92.857	70	4	1	1	70	391	459	7.02e-40	129
transcript_63_support_2_2_2.584359465515237e-06_40_(S_48_1);(S_522_1)_6	VCY1B|ENST00000250823	81.102	127	12	1	1	127	2	116	1.25e-54	162
transcript_63_support_5_3_2.1268623605945656e-21_10_(S_746_1);(S_2735_1)_7	DAZ4|ENST00000382432	91.566	249	21	0	1	249	310	558	6.00e-152	429
transcript_63_support_5_3_2.1268623605945656e-21_10_(S_746_1);(S_2735_1)_7	DAZ4|ENST00000382432	85.650	223	32	0	1	223	238	460	2.63e-119	345
transcript_63_support_5_3_2.1268623605945656e-21_10_(S_746_1);(S_2735_1)_7	DAZ4|ENST00000382432	84.753	223	34	0	1	223	214	436	1.69e-117	341
transcript_63_support_5_3_2.1268623605945656e-21_10_(S_746_1);(S_2735_1)_7	DAZ4|ENST00000382432	83.408	223	37	0	1	223	190	412	2.43e-116	338
transcript_63_support_5_3_2.1268623605945656e-21_10_(S_746_1);(S_2735_1)_7	DAZ4|ENST00000382432	81.166	223	42	0	1	223	166	388	2.02e-110	323
transcript_64_support_2_6_not_tested_6__19	TSPY2|ENST00000429039	92.157	51	4	0	13	63	139	189	3.00e-33	107
transcript_64_support_2_4_not_tested_4__106	PRYP3|ENST00000343584	87.302	63	8	0	21	83	62	124	1.26e-34	114
transcript_64_support_2_6_not_tested_6__15	TSPY3|ENST00000424594	82.470	251	20	3	1	227	14	264	7.34e-133	370
transcript_64_support_2_3_1.170363753587755e-11_5_(D_2600_2)_14	DAZ4|ENST00000415508	80.822	146	28	0	1	146	51	196	1.92e-67	206
transcript_65_support_6_6_not_tested_6__3	TSPY2|ENST00000383042	95.385	65	3	0	1	65	230	294	6.97e-45	139
transcript_65_support_3_3_not_tested_3__3	DAZ3|ENST00000315357	93.939	99	6	0	1	99	268	366	8.89e-63	188
transcript_65_support_3_3_not_tested_3__3	DAZ3|ENST00000315357	80.822	73	14	0	1	73	196	268	9.51e-33	110
transcript_65_support_5_13_0.0_13__12	TSPY4|ENST00000640033	88.725	204	6	1	1	187	14	217	2.61e-136	374
transcript_66_support_2_1_6.371032333948153e-05_5_(I_808_1)_12	TSPY4|ENST00000640033	97.059	204	6	0	1	204	14	217	2.38e-153	417
transcript_66_support_4_9_not_tested_9__15	XKRY|AF000997.1	50.685	146	64	3	26	168	19	159	2.31e-33	112
transcript_66_support_3_6_not_tested_6__18	XKRY|AF000997.1	52.941	136	56	3	57	189	19	149	4.33e-33	112
transcript_67_support_5_10_2.4158722387083697e-26_15_(I_2354_2)_3	DAZ3|ENST00000315357	93.846	130	8	0	1	130	237	366	1.42e-82	240
transcript_67_support_5_10_2.4158722387083697e-26_15_(I_2354_2)_3	DAZ3|ENST00000315357	75.728	103	25	0	2	104	166	268	3.68e-44	142
transcript_67_support_2_5_not_tested_5__12	TSPY4|ENST00000640033	97.059	204	6	0	1	204	14	217	2.38e-153	417
transcript_68_support_2_2_not_tested_2__5	HSFY2|ENST00000344884	69.737	76	21	1	2	75	11	86	4.39e-31	101
transcript_68_support_3_3_not_tested_3__98	PRYP3|ENST00000343584	96.552	87	2	1	21	107	62	147	2.29e-58	170
transcript_68_support_4_5_6.681075565471023e-29_41_(S_34_1);(S_296_1)_6	VCY1B|ENST00000250823	85.124	121	12	1	1	121	2	116	1.00e-55	164
transcript_68_support_2_3_0.001666590365146683_6_(D_70_9)_10	RBMY1F|ENST00000454978	92.366	131	9	1	27	157	330	459	1.46e-81	242
transcript_68_support_3_4_not_tested_4__24	XKRY|AF000997.1	50.685	146	64	3	145	287	19	159	3.45e-32	112
transcript_69_support_2_8_not_tested_8__2	DAZ4|ENST00000415508	96.364	55	2	0	1	55	312	366	1.88e-35	115
transcript_69_support_3_3_not_tested_3__6	VCY1B|ENST00000250823	85.833	120	11	1	1	120	2	115	9.34e-56	164
transcript_69_support_3_3_3.136804836487915e-05_6_(I_70_9)_10	RBMY1F|ENST00000454978	92.366	131	9	1	7	137	330	459	2.31e-81	240
transcript_69_support_2_3_1.856742463145335e-105_9_(S_6_1);(S_105_1);(S_469_1);(S_509_1);(S_620_1);(S_798_1);(S_1160_1)_32	HSFY2|ENST00000304790	96.023	176	7	0	5	180	226	401	1.03e-121	343
transcript_69_support_2_3_1.856742463145335e-105_9_(S_6_1);(S_105_1);(S_469_1);(S_509_1);(S_620_1);(S_798_1);(S_1160_1)_20	HSFY2|ENST00000304790	96.875	224	7	0	8	231	1	224	1.63e-164	454
transcript_6_support_3_3_not_tested_3__16	BPY2B|ENST00000615850	90.588	85	6	1	11	93	22	106	2.55e-49	145
transcript_6_support_3_3_not_tested_3__22	RBMY1F|ENST00000454978	95.000	100	4	1	25	124	361	459	4.94e-62	190
transcript_6_support_7_7_5.549376393454353e-28_9_(S_328_1)_20	RBMY1F|ENST00000454978	93.617	94	5	1	25	118	361	453	7.69e-58	179
transcript_6_support_3_4_not_tested_4__16	HSFY2|ENST00000344884	96.491	171	6	0	8	178	1	171	1.47e-123	341
transcript_6_support_4_12_0.0_12__14	XKRY|AF000997.1	50.685	146	64	3	3	145	19	159	1.04e-33	112
transcript_6_support_5_5_not_tested_5__7	DAZ3|ENST00000382365	90.377	239	23	0	2	240	200	438	1.58e-147	413
transcript_6_support_4_4_2.929656722895116e-155_9_(S_140_1);(S_150_1);(S_263_1);(S_367_1);(S_632_1);(S_799_1);(S_1117_1);(S_1168_1)_28	HSFY2|ENST00000304790	85.441	261	38	0	11	271	120	380	4.48e-164	456
transcript_6_support_2_2_4.020109607374173e-09_4_(S_1842_1)_46	CDY1B|ENST00000382407	97.782	541	11	1	114	654	1	540	0.0	1100
transcript_70_support_3_3_not_tested_3__6	VCY1B|ENST00000250823	84.956	113	11	1	1	113	2	108	1.07e-50	150
transcript_70_support_3_3_not_tested_3__16	XKRY|AF000997.1	52.941	136	56	3	42	174	19	149	2.12e-33	113
transcript_70_support_14_47_3.1785879771925984e-125_50_(I_1032_5)_16	TSPY10|ENST00000428845	96.207	290	8	1	1	287	14	303	0.0	573
transcript_71_support_3_1_5.558728927009459e-55_7_(S_172_1);(S_174_1);(S_202_1);(S_204_1);(S_220_1);(S_224_1);(S_232_1);(S_244_1);(S_248_1);(S_266_1)_3	VCY1B|ENST00000250823	95.161	62	3	0	1	62	55	116	3.74e-37	115
transcript_71_support_4_5_2.777284301703148e-06_7_(D_1101_7)_3	DAZ3|ENST00000315357	94.393	107	6	0	1	107	260	366	1.44e-68	203
transcript_71_support_4_5_2.777284301703148e-06_7_(D_1101_7)_3	DAZ3|ENST00000315357	79.012	81	17	0	1	81	188	268	2.64e-36	120
transcript_71_support_2_4_1.284320805374304e-26_34_(S_296_1);(S_480_1)_6	VCY1B|ENST00000250823	85.124	121	12	1	1	121	2	116	1.00e-55	164
transcript_71_support_5_5_2.181100621159397e-176_9_(S_6_1);(S_105_1);(S_469_1);(S_509_1);(S_620_1);(S_798_1);(S_1160_1)_32	HSFY2|ENST00000304790	96.023	176	7	0	5	180	226	401	8.38e-122	343
transcript_71_support_4_4_not_tested_4__98	PRYP3|ENST00000343584	87.302	63	8	0	21	83	62	124	1.26e-34	114
transcript_71_support_5_5_2.181100621159397e-176_9_(S_6_1);(S_105_1);(S_469_1);(S_509_1);(S_620_1);(S_798_1);(S_1160_1)_20	HSFY2|ENST00000304790	95.982	224	9	0	8	231	1	224	1.48e-162	449
transcript_71_support_8_7_1.6534015559031756e-30_10_(I_1167_1)_15	TSPY10|ENST00000428845	95.802	262	8	1	1	259	14	275	0.0	512
transcript_72_support_3_3_not_tested_3__3	DAZ3|ENST00000315357	93.893	131	8	0	1	131	236	366	2.44e-83	242
transcript_72_support_3_3_not_tested_3__3	DAZ3|ENST00000315357	75.728	103	25	0	3	105	166	268	3.74e-44	142
transcript_72_support_3_3_6.860476928745985e-11_10_(D_1167_1)_15	TSPY10|ENST00000428845	95.802	262	8	1	1	259	14	275	0.0	512
transcript_73_support_5_5_not_tested_5__53	BPY2B|ENST00000615850	92.405	79	6	0	11	89	22	100	2.43e-48	143
transcript_73_support_3_6_not_tested_6__15	TSPY3|ENST00000424594	96.441	281	7	1	1	278	14	294	0.0	556
transcript_74_support_4_4_0.0017690561938485771_40_(D_663_1);(D_664_1);(D_665_1);(D_666_1);(D_667_2);(D_668_2);(D_669_1)_16	TSPY4|ENST00000640033	86.747	83	11	0	6	88	135	217	2.62e-53	159
transcript_74_support_2_2_7.422699688527838e-08_4_(I_483_6)_7	TSPY4|ENST00000640033	92.500	80	6	0	12	91	138	217	7.68e-55	163
transcript_74_support_3_3_not_tested_3__139	PRYP3|ENST00000343584	96.552	87	2	1	21	107	62	147	2.29e-58	170
transcript_74_support_4_4_0.0017690561938485771_40_(D_663_1);(D_664_1);(D_665_1);(D_666_1);(D_667_2);(D_668_2);(D_669_1)_14	TSPY3|ENST00000424594	80.000	285	40	4	1	272	14	294	2.45e-158	436
transcript_75_support_3_3_not_tested_3__6	HSFY2|ENST00000344884	68.293	82	24	1	1	80	5	86	2.52e-32	105
transcript_75_support_2_2_7.422699688527838e-08_4_(D_483_6)_7	TSPY4|ENST00000640033	92.500	80	6	0	12	91	138	217	7.68e-55	163
transcript_75_support_3_6_1.1879998977191644e-25_22_(I_1161_1)_20	TSPY4|ENST00000640033	92.500	80	6	0	12	91	138	217	7.68e-55	163
transcript_75_support_2_61_not_tested_61__6	VCY1B|ENST00000250823	85.124	121	12	1	1	121	2	116	1.93e-55	164
transcript_75_support_3_6_1.1879998977191644e-25_22_(I_1161_1)_15	TSPY3|ENST00000424594	84.861	251	14	3	1	227	14	264	1.22e-137	382
transcript_76_support_8_16_2.9434496202865204e-70_22_(D_1161_1)_20	TSPY4|ENST00000640033	92.500	80	6	0	12	91	138	217	7.68e-55	163
transcript_76_support_8_16_2.9434496202865204e-70_22_(D_1161_1)_15	TSPY3|ENST00000424594	84.861	251	14	3	1	227	14	264	1.22e-137	382
transcript_76_support_6_14_1.0172458969840009e-35_19_(S_2997_1)_18	DAZ4|ENST00000415508	82.653	196	34	0	80	275	1	196	1.46e-92	276
transcript_77_support_4_7_3.210720442524126e-144_11_(S_259_1);(S_349_1);(I_455_1);(S_490_1)_7	RBMY1B|ENST00000383020	94.891	137	6	1	1	137	361	496	7.94e-87	255
transcript_77_support_3_40_not_tested_40__6	VCY1B|ENST00000250823	81.890	127	11	1	1	127	2	116	6.93e-56	166
transcript_78_support_3_84_0.0_84__9	VCY1B|ENST00000250823	79.200	125	14	1	27	151	1	113	4.99e-54	162
transcript_78_support_6_6_not_tested_6__7	DAZ4|ENST00000440066	93.035	201	14	0	1	201	286	486	2.62e-126	359
transcript_78_support_6_6_not_tested_6__7	DAZ4|ENST00000440066	83.429	175	29	0	1	175	214	388	2.42e-90	267
transcript_78_support_6_6_not_tested_6__7	DAZ4|ENST00000440066	82.857	175	30	0	1	175	190	364	1.54e-89	265
transcript_78_support_6_6_not_tested_6__7	DAZ4|ENST00000440066	78.857	175	37	0	1	175	166	340	1.59e-83	249
transcript_79_support_4_6_not_tested_6__10	TSPY2|ENST00000429039	92.000	50	4	0	13	62	139	188	1.51e-31	103
transcript_79_support_4_6_not_tested_6__6	TSPY3|ENST00000424594	67.708	96	10	2	3	77	169	264	1.84e-39	126
transcript_7_support_4_15_not_tested_15__12	HSFY2|ENST00000344884	83.146	89	15	0	8	96	1	89	8.98e-52	155
transcript_7_support_4_15_not_tested_15__31	HSFY2|ENST00000304790	84.896	192	29	0	27	218	189	380	7.31e-116	331
transcript_7_support_3_3_not_tested_3__11	VCY1B|ENST00000250823	77.174	92	9	1	118	209	34	113	1.34e-39	127
transcript_7_support_3_3_not_tested_3__8	VCY1B|ENST00000250823	75.000	140	11	1	43	182	1	116	1.47e-53	164
transcript_7_support_9_7_8.981702161124305e-20_17_(S_160_1)_28	XKRY|AF000997.1	52.941	136	56	3	227	359	19	149	7.42e-32	113
transcript_7_support_2_2_4.020109607374173e-09_4_(S_1842_1)_46	CDY1B|ENST00000382407	97.967	541	10	1	114	654	1	540	0.0	1102
transcript_80_support_5_7_not_tested_7__102	PRYP3|ENST00000343584	87.302	63	8	0	21	83	62	124	1.26e-34	114
transcript_81_support_3_3_not_tested_3__6	TSPY2|ENST00000429039	93.548	93	6	0	1	93	129	221	3.96e-65	189
transcript_82_support_4_6_not_tested_6__22	BPY2B|ENST00000615850	92.405	79	6	0	11	89	22	100	2.43e-48	143
transcript_82_support_3_4_not_tested_4__6	TSPY9P|ENST00000440215	95.604	91	4	0	1	91	191	281	9.21e-64	189
transcript_82_support_2_2_1.2096771031261274e-11_41_(S_34_1);(S_296_1)_6	VCY1B|ENST00000250823	84.298	121	13	1	1	121	2	116	2.40e-55	164
transcript_83_support_4_4_not_tested_4__2	DAZ3|ENST00000315357	94.937	79	4	0	1	79	288	366	3.91e-50	155
transcript_83_support_3_7_not_tested_7__19	BPY2B|ENST00000615850	92.405	79	6	0	11	89	22	100	2.43e-48	143
transcript_83_support_6_6_not_tested_6__6	TSPY4|ENST00000640033	92.500	80	6	0	12	91	138	217	7.68e-55	163
transcript_83_support_21_19_9.82480502278438e-263_34_(S_857_1);(S_907_1);(I_2522_1)_12	DAZ3|ENST00000315357	80.000	125	25	0	1	125	72	196	3.45e-54	171
transcript_84_support_3_4_not_tested_4__5	TSPY2|ENST00000429039	92.000	50	4	0	13	62	139	188	1.51e-31	103
transcript_84_support_5_5_not_tested_5__25	BPY2B|ENST00000615850	98.630	73	1	0	2	74	28	100	2.14e-48	142
transcript_84_support_3_3_not_tested_3__14	HSFY2|ENST00000304790	96.023	176	7	0	5	180	226	401	1.03e-121	343
transcript_84_support_3_2_3.1244830171595626e-05_14_(D_2526_7)_12	DAZ3|ENST00000315357	80.000	125	25	0	1	125	72	196	3.45e-54	171
transcript_85_support_3_3_not_tested_3__12	HSFY2|ENST00000304790	97.351	151	4	0	1	151	74	224	3.61e-108	308
transcript_85_support_3_3_not_tested_3__24	HSFY2|ENST00000304790	96.023	176	7	0	5	180	226	401	1.03e-121	343
transcript_85_support_4_9_not_tested_9__9	VCY1B|ENST00000250823	79.200	125	14	1	12	136	1	113	4.99e-54	162
transcript_85_support_4_4_6.985581722696738e-15_13_(S_2535_1)_12	DAZ3|ENST00000315357	80.000	125	25	0	1	125	72	196	3.45e-54	171
transcript_85_support_3_4_not_tested_4__18	DAZ3|ENST00000315357	82.564	195	34	0	23	217	2	196	5.24e-92	272
transcript_86_support_3_4_2.3573148258223487e-16_11_(S_1121_1)_31	HSFY2|ENST00000304790	96.023	176	7	0	5	180	226	401	1.03e-121	343
transcript_86_support_12_12_3.694553783071697e-35_14_(I_2526_7)_12	DAZ3|ENST00000315357	80.000	125	25	0	1	125	72	196	3.45e-54	171
transcript_86_support_3_4_2.3573148258223487e-16_11_(S_1121_1)_19	HSFY2|ENST00000304790	96.875	224	7	0	1	224	1	224	1.92e-164	454
transcript_87_support_3_2_3.263182415912688e-42_9_(S_66_1);(S_581_1);(S_652_1);(S_660_1);(S_997_1);(S_1011_1)_32	HSFY2|ENST00000304790	96.023	176	7	0	5	180	226	401	1.24e-121	343
transcript_87_support_3_3_not_tested_3__4	VCY1B|ENST00000250823	70.642	109	8	1	12	120	32	116	2.54e-41	131
transcript_87_support_3_2_3.263182415912688e-42_9_(S_66_1);(S_581_1);(S_652_1);(S_660_1);(S_997_1);(S_1011_1)_19	HSFY2|ENST00000304790	95.536	224	10	0	1	224	1	224	5.02e-161	445
transcript_87_support_4_10_0.0_10__19	XKRY|AF000997.1	52.941	136	56	3	45	177	19	149	2.39e-33	113
transcript_88_support_9_9_not_tested_9__53	BPY2B|ENST00000615850	92.405	79	6	0	11	89	22	100	2.43e-48	143
transcript_88_support_16_34_0.0_34__6	VCY1B|ENST00000250823	78.495	93	8	1	1	93	33	113	2.92e-42	130
transcript_88_support_2_7_not_tested_7__35	HSFY2|ENST00000304790	96.023	176	7	0	5	180	226	401	3.25e-121	342
transcript_88_support_2_2_3.194617980676167e-23_4_(S_143_1);(S_463_1)_8	RBMY1J|ENST00000250831	93.043	230	15	1	1	230	268	496	2.06e-145	409
transcript_88_support_2_7_not_tested_7__22	HSFY2|ENST00000304790	94.196	224	13	0	8	231	1	224	7.25e-158	437
transcript_89_support_4_9_0.0_9__2	DAZ3|ENST00000315357	96.000	75	3	0	2	76	292	366	3.34e-48	150
transcript_89_support_2_2_3.194617980676167e-23_4_(S_143_1);(S_463_1)_8	RBMY1J|ENST00000250831	92.609	230	16	1	1	230	268	496	2.53e-144	406
transcript_8_support_4_5_not_tested_5__7	RBMY1F|ENST00000454978	77.895	95	20	1	1	95	362	455	1.37e-41	135
transcript_8_support_5_18_0.0_18__4	VCY1B|ENST00000250823	78.409	88	7	1	1	88	41	116	1.48e-40	125
transcript_8_support_3_5_not_tested_5__9	VCY1B|ENST00000250823	81.600	125	11	1	12	136	1	113	1.67e-53	161
transcript_8_support_4_4_not_tested_4__8	DAZ4|ENST00000382432	91.667	264	22	0	1	264	295	558	5.43e-162	455
transcript_8_support_4_4_not_tested_4__8	DAZ4|ENST00000382432	85.294	238	35	0	1	238	223	460	1.94e-127	367
transcript_8_support_4_4_not_tested_4__8	DAZ4|ENST00000382432	84.810	237	36	0	2	238	200	436	1.62e-125	362
transcript_8_support_4_4_not_tested_4__8	DAZ4|ENST00000382432	82.353	238	42	0	1	238	175	412	1.64e-121	352
transcript_8_support_4_4_not_tested_4__8	DAZ4|ENST00000382432	81.166	223	42	0	16	238	166	388	3.43e-110	323
transcript_90_support_3_3_not_tested_3__24	BPY2B|ENST00000615850	90.588	85	6	1	11	93	22	106	2.55e-49	145
transcript_90_support_5_2_2.8245966496446526e-08_6_(D_2043_8);(D_2345_1)_3	DAZ3|ENST00000315357	94.309	123	7	0	2	124	244	366	9.72e-79	230
transcript_90_support_5_2_2.8245966496446526e-08_6_(D_2043_8);(D_2345_1)_3	DAZ3|ENST00000315357	77.320	97	22	0	2	98	172	268	6.33e-43	138
transcript_90_support_3_7_not_tested_7__4	VCY1B|ENST00000250823	84.615	91	8	1	11	101	32	116	1.24e-46	141
transcript_90_support_2_2_4.7420742942462285e-94_11_(S_68_1);(S_146_1);(S_307_1);(S_397_1);(S_414_1);(S_430_1);(D_500_2);(I_503_1);(S_538_1)_7	RBMY1B|ENST00000383020	93.750	144	8	1	1	144	354	496	1.77e-90	265
transcript_91_support_6_7_8.504254077262093e-78_12_(S_38_1);(S_151_1);(S_162_1);(S_1208_1)_8	HSFY2|ENST00000344884	97.959	49	1	0	8	56	1	49	4.19e-32	103
transcript_91_support_6_7_8.504254077262093e-78_12_(S_38_1);(S_151_1);(S_162_1);(S_1208_1)_19	HSFY2|ENST00000304790	97.203	143	4	0	7	149	82	224	3.85e-102	292
transcript_91_support_6_7_8.504254077262093e-78_12_(S_38_1);(S_151_1);(S_162_1);(S_1208_1)_31	HSFY2|ENST00000304790	96.023	176	7	0	5	180	226	401	1.03e-121	343
transcript_93_support_10_30_not_tested_30__3	TSPY2|ENST00000320701	92.308	52	4	0	1	52	254	305	3.23e-34	111
transcript_95_support_6_6_not_tested_6__10	BPY2B|ENST00000615850	92.405	79	6	0	11	89	22	100	2.43e-48	143
transcript_95_support_11_20_1.6239127860551847e-72_37_(S_1357_1)_18	DAZ4|ENST00000415508	82.653	196	34	0	80	275	1	196	1.46e-92	276
transcript_96_support_4_4_not_tested_4__122	PRYP3|ENST00000343584	96.552	87	2	1	21	107	62	147	2.29e-58	170
transcript_96_support_6_5_4.291868321277108e-29_9_(I_265_1)_7	VCY1B|ENST00000250823	69.672	122	22	4	12	125	1	115	1.26e-33	108
transcript_96_support_2_3_2.58686483417671e-15_7_(I_1092_1)_18	TSPY10|ENST00000428845	96.207	290	8	1	1	287	14	303	0.0	573
transcript_96_support_2_17_3.6484705066329782e-56_37_(S_1357_1)_18	DAZ4|ENST00000415508	82.653	196	34	0	80	275	1	196	1.46e-92	276
transcript_97_support_3_3_not_tested_3__5	BPY2B|ENST00000615850	92.405	79	6	0	11	89	22	100	2.43e-48	143
transcript_98_support_6_6_not_tested_6__37	BPY2B|ENST00000615850	90.588	85	6	1	11	93	22	106	2.55e-49	145
transcript_99_support_3_3_not_tested_3__15	BPY2B|ENST00000615850	90.588	85	6	1	11	93	22	106	2.55e-49	145
transcript_9_support_3_8_7.259417936322306e-28_11_(S_213_1)_12	HSFY2|ENST00000344884	83.146	89	15	0	8	96	1	89	8.98e-52	155
transcript_9_support_2_3_not_tested_3__6	TSPY4|ENST00000383008	97.059	102	3	0	1	102	199	300	1.04e-75	219
transcript_9_support_3_8_8.336546570720706e-33_10_(S_1119_1)_114	PRYP3|ENST00000343584	96.552	87	2	1	21	107	62	147	2.29e-58	170
transcript_9_support_3_3_not_tested_3__27	RBMY1F|ENST00000454978	96.739	92	2	1	25	116	361	451	9.70e-59	181
transcript_9_support_2_2_2.0622055128401297e-09_4_(S_92_1)_3	DAZ3|ENST00000315357	90.789	152	14	0	1	152	195	346	9.62e-89	257
transcript_9_support_10_30_not_tested_30__7	VCY1B|ENST00000250823	75.000	140	11	1	21	160	1	116	8.37e-54	164
transcript_9_support_3_8_7.259417936322306e-28_11_(S_213_1)_32	HSFY2|ENST00000304790	85.441	261	38	0	11	271	120	380	4.48e-164	456
transcript_9_support_3_2_1.745915381125567e-37_5_(S_1374_1);(S_1424_1);(I_3039_1);(S_3052_1)_19	DAZ4|ENST00000415508	82.653	196	34	0	80	275	1	196	1.46e-92	276
