transcript_0_support_3_5_not_tested_5__6	TSPY2|ENST00000429039	91.860	86	7	0	1	86	136	221	1.10e-58	173
transcript_0_support_3_3_not_tested_3__6	DAZ3|ENST00000315357	74.561	114	23	1	1	114	259	366	1.04e-53	166
transcript_0_support_2_4_not_tested_4__7	RBMY1F|ENST00000454978	87.000	100	12	1	25	124	361	459	7.51e-55	171
transcript_0_support_4_4_not_tested_4__8	DAZ3|ENST00000315357	67.974	153	37	2	1	153	206	346	5.03e-58	179
transcript_0_support_4_4_not_tested_4__8	DAZ3|ENST00000315357	68.421	133	30	2	9	141	166	286	5.81e-48	152
transcript_0_support_7_7_not_tested_7__48	XKRY|AF000997.1	76.000	125	16	2	81	191	7	131	4.79e-61	181
transcript_10_support_4_5_4.163872056987872e-09_16_(S_246_1)_6	VCY1B|ENST00000250823	77.215	79	17	1	1	79	48	125	3.60e-35	110
transcript_10_support_5_3_2.978594128349926e-39_5_(S_14_1);(S_346_1);(S_425_1)_8	VCY1B|ENST00000250823	86.885	61	8	0	5	65	52	112	8.46e-32	101
transcript_10_support_3_3_3.578509507154264e-09_6_(S_26_1)_10	VCY1B|ENST00000250823	80.357	112	21	1	10	120	1	112	4.41e-52	155
transcript_10_support_8_8_not_tested_8__12	DAZ3|ENST00000382365	72.803	239	53	2	1	239	212	438	4.52e-111	320
transcript_100_support_2_2_3.374352409111472e-09_9_(S_870_1)_12	XKRY|AF000997.1	52.308	130	54	3	1	127	25	149	5.76e-31	105
transcript_101_support_6_8_not_tested_8__6	DAZ3|ENST00000315357	73.874	111	23	1	19	129	262	366	5.38e-51	159
transcript_101_support_6_8_not_tested_8__6	DAZ3|ENST00000315357	61.739	115	26	1	1	97	148	262	1.69e-36	121
transcript_101_support_10_11_1.963409594721682e-51_33_(S_776_1)_12	XKRY|AF000997.1	52.308	130	54	3	1	127	25	149	5.76e-31	105
transcript_102_support_3_3_not_tested_3__36	CDY2B|ENST00000382867	91.667	108	9	0	1	108	273	380	3.47e-66	202
transcript_102_support_3_3_not_tested_3__39	RBMY1F|ENST00000454978	87.000	100	12	1	25	124	361	459	7.51e-55	171
transcript_102_support_3_3_not_tested_3__12	CDY1B|ENST00000306882	83.929	56	9	0	72	127	1	56	1.57e-32	113
transcript_102_support_3_3_not_tested_3__7	DAZ3|ENST00000315357	61.739	115	26	1	1	97	148	262	1.38e-36	122
transcript_102_support_3_3_not_tested_3__7	DAZ3|ENST00000315357	62.162	111	29	2	19	122	262	366	4.76e-35	118
transcript_102_support_3_3_not_tested_3__46	CDY1B|ENST00000382407	93.125	160	11	0	1	160	381	540	2.15e-108	313
transcript_102_support_3_3_not_tested_3__26	CDY2B|ENST00000382867	84.579	214	33	0	1	214	58	271	7.72e-129	368
transcript_102_support_3_3_not_tested_3__20	RBMY1J|ENST00000250831	86.567	402	54	0	35	436	1	402	0.0	670
transcript_103_support_3_12_0.0_12__10	TSPY10|ENST00000428845	92.899	169	12	0	1	169	140	308	3.17e-123	343
transcript_105_support_3_1_2.2705946164113316e-05_4_(D_1164_1)_16	RBMY1B|ENST00000619219	45.283	371	113	9	1	290	81	442	1.61e-63	201
transcript_107_support_5_6_1.2717707791085002e-31_53_(S_18_1);(I_103_3)_8	VCY1B|ENST00000250823	85.185	81	12	0	30	110	32	112	1.19e-42	130
transcript_107_support_26_65_2.580787619394363e-193_85_(S_727_1)_18	TSPY4|ENST00000426950	88.502	287	24	2	1	278	28	314	0.0	502
transcript_108_support_5_11_1.0055748782660597e-30_21_(S_1142_1)_32	HSFY2|ENST00000304790	92.574	404	27	1	16	419	1	401	0.0	771
transcript_109_support_5_20_1.3895793159491295e-52_85_(S_727_1)_18	TSPY4|ENST00000426950	88.153	287	25	2	1	278	28	314	0.0	499
transcript_11_support_7_34_0.0_34__5	TSPY2|ENST00000429039	94.118	68	4	0	1	68	154	221	1.95e-46	141
transcript_11_support_2_4_2.3570794833932737e-13_14_(S_81_1)_21	TSPY2|ENST00000429039	92.857	84	6	0	12	95	138	221	7.79e-59	174
transcript_11_support_2_4_2.3570794833932737e-13_14_(S_81_1)_15	TSPY4|ENST00000383008	75.720	243	29	4	1	213	28	270	2.45e-116	328
transcript_110_support_3_3_not_tested_3__27	CDY2B|ENST00000382867	86.364	66	9	0	8	73	306	371	1.41e-35	119
transcript_110_support_2_42_1.4521389997234033e-148_44_(S_93_1)_6	VCY1B|ENST00000250823	78.846	104	21	1	1	103	9	112	1.18e-46	140
transcript_110_support_3_3_not_tested_3__13	CDY2B|ENST00000382867	84.892	139	21	0	1	139	32	170	2.01e-82	245
transcript_110_support_3_3_not_tested_3__22	CDY1B|ENST00000382407	88.971	136	15	0	1	136	171	306	1.13e-83	249
transcript_110_support_9_19_6.343530582192263e-95_22_(S_160_1)_8	RBMY1J|ENST00000250831	59.477	153	53	3	3	151	332	479	9.96e-40	133
transcript_110_support_3_3_not_tested_3__40	CDY1B|ENST00000382407	94.083	169	10	0	1	169	372	540	5.39e-116	333
transcript_110_support_4_8_not_tested_8__12	RBMY1B|ENST00000383020	59.477	153	53	3	14	162	332	479	2.16e-39	133
transcript_110_support_3_6_not_tested_6__18	DAZ4|ENST00000415508	82.653	196	34	0	80	275	1	196	8.69e-92	274
transcript_110_support_2_10_2.907938636960292e-30_21_(S_1142_1)_32	HSFY2|ENST00000304790	92.574	404	27	1	16	419	1	401	0.0	771
transcript_111_support_2_4_not_tested_4__10	RBMY1B|ENST00000383020	59.477	153	53	3	46	194	332	479	1.71e-39	134
transcript_113_support_7_8_3.3697756102366823e-21_11_(S_92_1)_22	TSPY2|ENST00000429039	92.857	84	6	0	12	95	138	221	7.79e-59	174
transcript_113_support_7_8_3.3697756102366823e-21_11_(S_92_1)_16	TSPY4|ENST00000383008	75.720	243	29	4	1	213	28	270	2.45e-116	328
transcript_114_support_2_2_7.858346539507085e-07_23_(S_935_1)_22	TSPY2|ENST00000429039	91.667	84	7	0	12	95	138	221	1.41e-57	170
transcript_114_support_2_1_5.4493633521498914e-05_3_(S_405_1)_6	VCY1B|ENST00000250823	80.357	112	21	1	9	119	1	112	1.48e-52	156
transcript_114_support_2_2_7.858346539507085e-07_23_(S_935_1)_16	TSPY4|ENST00000383008	75.720	243	29	4	1	213	28	270	2.45e-116	328
transcript_114_support_4_6_not_tested_6__17	RBMY1B|ENST00000619219	46.615	384	115	9	1	303	68	442	3.94e-72	224
transcript_114_support_6_9_1.1441765090444366e-69_15_(S_443_1);(S_977_1)_28	HSFY2|ENST00000304790	92.879	323	20	1	7	329	82	401	0.0	617
transcript_115_support_3_7_1.0888700671600244e-22_14_(S_828_1)_22	TSPY2|ENST00000429039	91.667	84	7	0	12	95	138	221	1.71e-57	170
transcript_115_support_2_2_7.424039067790827e-10_3_(S_405_1)_7	VCY1B|ENST00000250823	80.357	112	21	1	9	119	1	112	1.48e-52	156
transcript_115_support_3_7_1.0888700671600244e-22_14_(S_828_1)_16	TSPY4|ENST00000383008	75.720	243	29	4	1	213	28	270	2.45e-116	328
transcript_115_support_5_5_not_tested_5__17	DAZ4|ENST00000415508	83.140	172	29	0	80	251	1	172	3.68e-79	240
transcript_116_support_8_7_3.7391736414844767e-19_45_(S_75_1)_6	VCY1B|ENST00000250823	80.357	112	21	1	9	119	1	112	4.15e-52	155
transcript_117_support_7_11_not_tested_11__20	DAZ4|ENST00000415508	82.653	196	34	0	80	275	1	196	8.69e-92	274
transcript_118_support_15_50_1.351442538623108e-215_59_(S_405_1)_6	VCY1B|ENST00000250823	80.357	112	21	1	9	119	1	112	4.15e-52	155
transcript_119_support_12_25_not_tested_25__6	TSPY2|ENST00000429039	92.405	79	6	0	1	79	143	221	3.79e-54	161
transcript_119_support_3_4_not_tested_4__10	CDY2B|ENST00000382867	86.207	87	12	0	1	87	32	118	1.08e-49	157
transcript_119_support_3_6_9.219729073911527e-25_41_(S_57_1);(I_359_2)_12	VCY1B|ENST00000250823	80.808	99	18	1	10	107	1	99	1.22e-42	132
transcript_12_support_2_2_4.490320391095018e-12_5_(S_398_1);(S_429_1)_7	VCY1B|ENST00000250823	80.180	111	21	1	1	110	2	112	4.01e-51	152
transcript_12_support_2_6_1.1500770363764698e-08_32_(S_279_1)_8	VCY1B|ENST00000250823	81.250	112	20	1	10	120	1	112	9.73e-53	157
transcript_12_support_3_3_not_tested_3__32	XKRY|AF000997.1	76.744	86	20	0	66	151	19	104	5.56e-40	127
transcript_12_support_3_3_not_tested_3__11	DAZ4|ENST00000382432	62.874	167	44	3	1	167	308	456	3.95e-54	174
transcript_12_support_3_3_not_tested_3__11	DAZ4|ENST00000382432	60.479	167	48	3	1	167	236	384	3.47e-52	169
transcript_12_support_3_3_not_tested_3__11	DAZ4|ENST00000382432	59.880	167	49	3	1	167	188	336	2.27e-50	164
transcript_12_support_3_3_not_tested_3__11	DAZ4|ENST00000382432	59.639	166	49	3	1	166	380	527	9.61e-50	162
transcript_12_support_3_3_not_tested_3__11	DAZ4|ENST00000382432	59.574	141	39	3	27	167	166	288	1.95e-38	131
transcript_120_support_2_9_2.6286232142835937e-33_59_(S_405_1)_7	VCY1B|ENST00000250823	80.357	112	21	1	9	119	1	112	4.15e-52	155
transcript_120_support_12_5_1.2944817170282011e-09_38_(S_104_1)_7	VCY1B|ENST00000250823	80.357	112	21	1	10	120	1	112	4.60e-52	155
transcript_121_support_2_7_5.300596778952933e-20_11_(S_454_1)_7	VCY1B|ENST00000250823	80.357	112	21	1	10	120	1	112	4.60e-52	155
transcript_122_support_2_2_1.4764459366135546e-05_4_(I_932_7)_18	XKRY|AF000997.1	54.412	136	54	3	45	177	19	149	2.67e-36	120
transcript_122_support_3_3_not_tested_3__30	HSFY2|ENST00000304790	92.574	404	27	1	16	419	1	401	0.0	771
transcript_123_support_3_12_0.0_12__12	TSPY10|ENST00000428845	92.958	213	15	0	1	213	96	308	1.18e-153	422
transcript_123_support_2_2_0.00029431419098720083_4_(D_932_7)_18	XKRY|AF000997.1	54.412	136	54	3	45	177	19	149	2.67e-36	120
transcript_124_support_2_3_1.9905327377331945e-35_31_(S_19_1);(S_130_1);(S_346_1);(S_405_1)_7	VCY1B|ENST00000250823	81.250	112	20	1	9	119	1	112	1.85e-52	156
transcript_125_support_3_4_not_tested_4__7	VCY1B|ENST00000250823	68.750	112	21	2	9	106	1	112	4.80e-37	116
transcript_126_support_4_10_0.0_10__6	RBMY1F|ENST00000454978	86.316	95	12	1	1	95	366	459	3.25e-51	160
transcript_126_support_5_14_3.994430675359554e-30_30_(S_184_1)_8	TSPY9P|ENST00000440215	93.388	121	8	0	1	121	194	314	2.95e-86	248
transcript_127_support_3_3_not_tested_3__13	TSPY10|ENST00000428845	91.729	133	11	0	37	169	176	308	5.51e-94	269
transcript_127_support_3_3_not_tested_3__15	DAZ3|ENST00000315357	70.632	269	61	3	1	269	116	366	2.37e-109	314
transcript_127_support_3_6_7.660132235876714e-27_10_(S_480_1)_28	HSFY2|ENST00000304790	92.574	404	27	1	3	406	1	401	0.0	770
transcript_128_support_7_8_9.537474219654297e-85_13_(S_118_1);(S_165_1);(S_348_1)_12	RBMY1J|ENST00000250831	59.477	153	53	3	68	216	332	479	9.66e-40	136
transcript_128_support_2_4_4.548024299819228e-17_10_(S_480_1)_28	HSFY2|ENST00000304790	92.574	404	27	1	3	406	1	401	0.0	770
transcript_129_support_4_5_4.5130566427357915e-14_96_(S_1_1)_7	VCY1B|ENST00000250823	79.798	99	18	1	10	106	1	99	6.88e-42	129
transcript_129_support_2_5_3.0756443973499117e-50_13_(S_118_1);(S_165_1);(S_348_1)_12	RBMY1B|ENST00000383020	59.477	153	53	3	68	216	332	479	7.25e-40	136
transcript_13_support_3_3_not_tested_3__3	DAZ4|ENST00000415508	85.000	60	9	0	1	60	307	366	7.00e-33	109
transcript_13_support_3_3_not_tested_3__172	RBMY1F|ENST00000454978	86.111	72	9	1	1	72	389	459	9.92e-36	118
transcript_13_support_2_7_not_tested_7__6	TSPY2|ENST00000429039	92.857	84	6	0	6	89	138	221	9.10e-59	173
transcript_13_support_3_3_9.548325095073197e-22_5_(S_398_1);(S_429_1)_7	VCY1B|ENST00000250823	80.180	111	21	1	1	110	2	112	4.01e-51	152
transcript_13_support_4_4_not_tested_4__71	XKRY|AF000997.1	85.714	98	14	0	45	142	7	104	5.06e-58	172
transcript_130_support_3_4_not_tested_4__25	CDY1B|ENST00000382407	92.308	78	6	0	31	108	463	540	1.98e-46	150
transcript_130_support_17_19_1.4191473488332694e-229_29_(S_159_1);(S_239_1);(S_427_1);(S_485_1)_8	VCY1B|ENST00000250823	80.357	112	21	1	10	120	1	112	7.21e-52	154
transcript_130_support_3_4_not_tested_4__19	CDY2B|ENST00000382867	84.892	139	21	0	1	139	32	170	1.43e-81	243
transcript_131_support_10_40_1.6618567611492904e-133_55_(S_157_1)_7	TSPY2|ENST00000320701	95.370	108	5	0	1	108	201	308	1.29e-78	227
transcript_131_support_3_3_not_tested_3__20	XKRY|AF000997.1	54.412	136	54	3	45	177	19	149	2.67e-36	120
transcript_132_support_3_3_not_tested_3__16	CDY2B|ENST00000382867	84.314	102	16	0	87	188	1	102	1.18e-60	192
transcript_133_support_3_4_not_tested_4__24	HSFY2|ENST00000304790	94.218	294	17	0	16	309	1	294	0.0	569
transcript_135_support_3_3_not_tested_3__24	HSFY2|ENST00000304790	92.879	323	20	1	7	329	82	401	0.0	617
transcript_136_support_6_34_not_tested_34__7	VCY1B|ENST00000250823	80.357	112	21	1	10	120	1	112	4.60e-52	155
transcript_137_support_2_2_7.422699688527838e-08_4_(D_2566_2)_12	DAZ4|ENST00000415508	81.061	132	25	0	1	132	65	196	5.56e-58	181
transcript_138_support_3_3_not_tested_3__10	RBMY1F|ENST00000454978	87.000	100	12	1	25	124	361	459	7.51e-55	171
transcript_138_support_4_2_7.422699688527838e-08_4_(I_2566_2)_12	DAZ4|ENST00000415508	81.061	132	25	0	1	132	65	196	5.56e-58	181
transcript_139_support_3_3_not_tested_3__17	TSPY9P|ENST00000440215	91.391	151	13	0	3	153	164	314	6.62e-107	301
transcript_14_support_7_7_not_tested_7__4	DAZ3|ENST00000315357	82.022	89	16	0	1	89	278	366	1.30e-47	149
transcript_14_support_9_13_not_tested_13__7	DAZ3|ENST00000315357	74.074	81	15	1	1	81	236	310	4.40e-33	111
transcript_14_support_2_8_3.4409692890599035e-37_10_(S_920_1)_12	RBMY1A1|ENST00000439108	88.235	102	12	0	13	114	1	102	1.32e-55	174
transcript_14_support_3_3_not_tested_3__114	HSFY2|ENST00000304790	94.444	180	7	1	1	180	172	348	2.78e-124	350
transcript_14_support_3_3_not_tested_3__91	HSFY2|ENST00000344884	90.698	172	16	0	16	187	1	172	1.30e-114	320
transcript_141_support_7_10_not_tested_10__13	RBMY1J|ENST00000250831	59.477	153	53	3	80	228	332	479	1.00e-39	136
transcript_141_support_7_10_not_tested_10__13	RBMY1J|ENST00000250831	61.538	117	44	1	2	118	144	259	4.33e-33	118
transcript_142_support_3_3_6.445999115932321e-21_44_(S_427_1);(S_453_1)_7	VCY1B|ENST00000250823	79.464	112	22	1	7	117	1	112	8.73e-52	154
transcript_142_support_4_12_3.875641578465339e-54_14_(S_598_1)_13	TSPY4|ENST00000426950	92.070	227	15	1	4	227	88	314	1.38e-159	438
transcript_143_support_3_4_0.0008859064961415984_10_(I_432_8)_6	TSPY2|ENST00000320701	94.737	95	5	0	1	95	214	308	1.04e-67	199
transcript_143_support_3_2_7.921636132694827e-06_36_(S_1266_1)_30	HSFY2|ENST00000304790	92.327	404	28	1	16	419	1	401	0.0	768
transcript_144_support_7_7_not_tested_7__6	RBMY1F|ENST00000454978	86.916	107	13	1	1	107	354	459	1.61e-59	182
transcript_144_support_3_7_not_tested_7__10	TSPY9P|ENST00000440215	93.082	159	11	0	1	159	156	314	8.16e-116	324
transcript_145_support_4_6_7.634824925146111e-05_10_(D_414_8)_6	TSPY2|ENST00000320701	95.050	101	5	0	1	101	208	308	5.58e-73	213
transcript_145_support_24_42_2.1584412413494275e-229_54_(S_102_1);(S_438_1)_8	VCY1B|ENST00000250823	79.464	112	22	1	7	117	1	112	7.41e-52	154
transcript_145_support_2_1_1.1656488592138627e-07_6_(S_548_1);(S_928_1)_15	TSPY4|ENST00000426950	88.803	259	20	2	1	250	56	314	1.95e-165	454
transcript_146_support_2_2_2.226287247565731e-16_6_(D_117_2);(S_118_1);(I_120_1)_6	TSPY9P|ENST00000440215	80.282	71	14	0	11	81	211	281	6.46e-42	133
transcript_146_support_3_7_not_tested_7__26	HSFY2|ENST00000304790	92.347	392	27	1	1	392	13	401	0.0	747
transcript_147_support_7_13_not_tested_13__12	TSPY2|ENST00000429039	92.857	84	6	0	12	95	138	221	7.79e-59	174
transcript_147_support_3_3_not_tested_3__34	CDY1B|ENST00000382407	91.791	134	11	0	16	149	407	540	1.28e-86	256
transcript_147_support_3_3_not_tested_3__25	CDY1B|ENST00000382407	87.365	277	34	1	72	348	1	276	5.08e-180	504
transcript_148_support_3_3_not_tested_3__40	CDY1B|ENST00000382407	90.388	541	51	1	31	571	1	540	0.0	1018
transcript_15_support_3_3_not_tested_3__142	HSFY2|ENST00000304790	85.714	70	10	0	1	70	332	401	5.25e-40	129
transcript_15_support_4_4_not_tested_4__7	DAZ3|ENST00000315357	76.923	130	24	1	1	130	243	366	1.65e-64	194
transcript_15_support_4_4_not_tested_4__7	DAZ3|ENST00000315357	69.388	98	24	1	1	98	171	262	3.90e-36	120
transcript_15_support_3_13_0.0_13__10	DAZ3|ENST00000382365	68.148	135	31	2	1	135	260	382	2.37e-50	160
transcript_15_support_3_13_0.0_13__10	DAZ3|ENST00000382365	67.407	135	32	2	1	135	212	334	3.35e-49	157
transcript_15_support_3_13_0.0_13__10	DAZ3|ENST00000382365	65.926	135	34	2	1	135	236	358	9.06e-48	154
transcript_15_support_3_13_0.0_13__10	DAZ3|ENST00000382365	64.444	135	36	2	1	135	284	406	5.43e-46	149
transcript_15_support_3_13_0.0_13__10	DAZ3|ENST00000382365	64.444	135	36	2	1	135	188	310	5.49e-46	149
transcript_15_support_3_13_0.0_13__10	DAZ3|ENST00000382365	65.414	133	34	2	3	135	166	286	8.75e-45	146
transcript_15_support_3_3_not_tested_3__138	HSFY2|ENST00000304790	94.048	168	7	1	1	168	172	336	4.09e-113	322
transcript_15_support_3_3_not_tested_3__114	HSFY2|ENST00000344884	91.279	172	15	0	16	187	1	172	6.47e-116	323
transcript_15_support_2_5_2.9686070604717863e-21_9_(S_1499_1)_26	XKRY|AF000997.1	54.412	136	54	3	231	363	19	149	1.24e-34	120
transcript_150_support_2_5_6.738362588393351e-16_24_(S_534_1)_29	HSFY2|ENST00000304790	92.574	404	27	1	16	419	1	401	0.0	771
transcript_152_support_15_49_not_tested_49__5	RBMY1F|ENST00000454978	87.209	86	10	1	1	86	375	459	3.88e-46	147
transcript_152_support_3_4_3.816946115516884e-16_39_(S_28_1);(D_348_2)_8	VCY1B|ENST00000250823	81.250	112	20	1	10	120	1	112	1.15e-52	156
transcript_154_support_4_8_3.325997071896707e-29_11_(S_371_1)_11	TSPY10|ENST00000428845	93.548	186	12	0	1	186	123	308	3.36e-136	377
transcript_155_support_2_3_3.359386017651747e-11_11_(S_371_1)_11	TSPY10|ENST00000428845	93.011	186	13	0	1	186	123	308	7.54e-135	373
transcript_155_support_2_4_2.4952370176741816e-26_18_(S_700_1);(S_787_1);(I_1297_8)_28	HSFY2|ENST00000304790	92.574	404	27	1	11	414	1	401	0.0	771
transcript_156_support_3_3_not_tested_3__4	DAZ4|ENST00000415508	84.058	69	11	0	3	71	298	366	1.77e-37	121
transcript_156_support_5_6_2.5847628084694258e-14_10_(S_22_1)_10	VCY1B|ENST00000250823	80.357	112	21	1	10	120	1	112	4.41e-52	155
transcript_156_support_2_2_not_tested_2__7	RBMY1B|ENST00000383020	87.248	149	18	1	1	149	349	496	9.19e-85	251
transcript_156_support_5_6_not_tested_6__14	TSPY9P|ENST00000440215	90.972	144	13	0	3	146	164	307	2.84e-100	284
transcript_157_support_2_4_2.1528531775812443e-17_7_(S_763_1)_20	TSPY2|ENST00000429039	92.857	84	6	0	12	95	138	221	7.79e-59	174
transcript_157_support_2_4_2.1528531775812443e-17_7_(S_763_1)_14	TSPY4|ENST00000383008	75.720	243	29	4	1	213	28	270	2.45e-116	328
transcript_157_support_3_12_9.751408259427152e-45_29_(S_13_1)_30	HSFY2|ENST00000304790	92.574	404	27	1	16	419	1	401	0.0	771
transcript_158_support_11_11_not_tested_11__7	RBMY1B|ENST00000383020	87.248	149	18	1	1	149	349	496	9.19e-85	251
transcript_159_support_4_10_0.0_10__6	RBMY1F|ENST00000454978	87.129	101	12	1	1	101	360	459	1.42e-55	172
transcript_16_support_3_2_5.419962918580031e-06_7_(S_479_1)_10	VCY1B|ENST00000250823	80.357	112	21	1	10	120	1	112	4.41e-52	155
transcript_16_support_3_5_6.514504243735455e-46_8_(S_1_1);(S_1009_1)_17	XKRY|AF000997.1	54.412	136	54	3	76	208	19	149	5.53e-36	120
transcript_160_support_7_10_0.0_10__12	DAZ4|ENST00000415508	80.000	125	25	0	1	125	72	196	2.34e-53	169
transcript_162_support_3_4_not_tested_4__8	RBMY1B|ENST00000383020	86.740	181	23	1	1	181	317	496	3.54e-102	296
transcript_163_support_2_5_2.3330403372478296e-13_7_(S_481_1)_10	VCY1B|ENST00000250823	80.357	112	21	1	10	120	1	112	4.41e-52	155
transcript_163_support_5_8_6.3306630439863624e-279_18_(S_31_1);(S_54_1);(S_59_1);(S_70_1);(S_80_1);(S_85_1);(S_91_1);(S_321_1);(S_523_1);(S_561_1)_17	TSPY4|ENST00000426950	88.850	287	23	2	1	278	28	314	0.0	503
transcript_164_support_3_6_5.494271682054217e-16_15_(S_186_1)_10	VCY1B|ENST00000250823	80.357	112	21	1	10	120	1	112	7.21e-52	154
transcript_166_support_3_1_3.6877331479683026e-06_25_(S_792_1);(D_1085_2)_17	TSPY4|ENST00000426950	87.805	287	26	2	1	278	28	314	0.0	494
transcript_167_support_3_3_not_tested_3__6	RBMY1A1|ENST00000439108	90.667	75	7	0	1	75	28	102	2.50e-37	124
transcript_17_support_8_25_0.0_25__6	TSPY2|ENST00000429039	93.258	89	6	0	1	89	133	221	7.43e-62	181
transcript_17_support_4_5_8.639738227525048e-12_13_(S_453_1)_7	VCY1B|ENST00000250823	80.357	112	21	1	8	118	1	112	5.61e-52	155
transcript_17_support_3_12_0.0_12__12	TSPY10|ENST00000428845	93.659	205	13	0	1	205	104	308	8.09e-149	409
transcript_17_support_2_1_8.940246929981919e-05_7_(I_1133_1)_18	XKRY|AF000997.1	54.412	136	54	3	80	212	19	149	6.58e-36	120
transcript_170_support_7_9_8.315960812937392e-34_14_(S_92_1)_21	TSPY2|ENST00000429039	92.857	84	6	0	12	95	138	221	7.79e-59	174
transcript_170_support_7_9_8.315960812937392e-34_14_(S_92_1)_15	TSPY4|ENST00000383008	75.720	243	29	4	1	213	28	270	2.45e-116	328
transcript_171_support_3_3_not_tested_3__21	TSPY4|ENST00000640033	92.593	81	6	0	12	92	138	218	9.79e-56	167
transcript_171_support_3_3_not_tested_3__15	TSPY4|ENST00000383008	75.720	243	29	4	1	213	28	270	2.45e-116	328
transcript_172_support_2_4_2.47158464333264e-13_14_(S_808_1)_21	TSPY2|ENST00000429039	91.667	84	7	0	12	95	138	221	1.71e-57	170
transcript_172_support_3_3_not_tested_3__22	RBMY1F|ENST00000454978	87.000	100	12	1	25	124	361	459	7.51e-55	171
transcript_172_support_3_3_not_tested_3__3	RBMY1J|ENST00000250831	84.252	127	20	0	1	127	272	398	1.24e-62	193
transcript_172_support_2_4_2.47158464333264e-13_14_(S_808_1)_15	TSPY4|ENST00000383008	75.720	243	29	4	1	213	28	270	2.45e-116	328
transcript_173_support_8_8_4.817228825548131e-66_10_(S_549_1);(D_551_1);(D_552_1);(S_553_1);(D_559_2)_4	DAZ3|ENST00000315357	80.723	83	16	0	1	83	284	366	1.40e-43	138
transcript_173_support_2_8_0.0_8__6	RBMY1F|ENST00000454978	87.156	109	13	1	1	109	352	459	8.76e-61	186
transcript_173_support_3_3_not_tested_3__37	CDY1B|ENST00000382407	90.734	518	47	1	1	518	24	540	0.0	979
transcript_174_support_3_7_not_tested_7__17	TSPY2|ENST00000429039	92.857	84	6	0	12	95	138	221	7.79e-59	174
transcript_174_support_3_7_not_tested_7__11	TSPY3|ENST00000424594	76.136	176	18	3	1	152	89	264	1.21e-89	257
transcript_176_support_3_7_not_tested_7__10	TSPY10|ENST00000428845	92.899	169	12	0	1	169	140	308	3.17e-123	343
transcript_177_support_2_3_1.7691911094834965e-24_9_(S_24_1);(S_104_1)_7	VCY1B|ENST00000250823	85.185	81	12	0	4	84	32	112	2.73e-43	131
transcript_178_support_12_30_1.1493793049991003e-121_36_(S_184_1)_6	TSPY2|ENST00000429039	94.382	89	5	0	1	89	133	221	3.23e-63	184
transcript_178_support_3_5_4.916656053044295e-80_8_(S_320_1);(S_321_1);(S_352_1)_7	VCY1B|ENST00000250823	85.185	81	12	0	9	89	32	112	3.76e-43	131
transcript_179_support_3_3_not_tested_3__21	TSPY2|ENST00000429039	92.857	84	6	0	12	95	138	221	8.60e-59	173
transcript_179_support_3_3_not_tested_3__15	TSPY4|ENST00000383008	76.132	243	28	4	1	213	28	270	1.45e-116	328
transcript_18_support_3_13_not_tested_13__6	VCY1B|ENST00000250823	87.097	62	8	0	1	62	51	112	1.52e-32	103
transcript_18_support_5_11_0.0_11__19	CDY2B|ENST00000382867	82.734	139	24	0	1	139	32	170	1.26e-79	238
transcript_18_support_5_11_0.0_11__47	CDY1B|ENST00000382407	93.491	169	11	0	1	169	372	540	4.38e-116	333
transcript_18_support_5_11_0.0_11__34	CDY1B|ENST00000382407	88.500	200	23	0	1	200	171	370	2.25e-128	366
transcript_18_support_2_1_0.00012175864720798003_6_(I_1134_1)_18	XKRY|AF000997.1	54.412	136	54	3	80	212	19	149	6.58e-36	120
transcript_18_support_4_13_0.0_13__25	RBMY1B|ENST00000619219	50.554	451	133	9	1	370	1	442	1.02e-113	333
transcript_180_support_3_3_9.539351074004621e-08_11_(S_101_1)_21	TSPY2|ENST00000429039	92.857	84	6	0	12	95	138	221	7.79e-59	174
transcript_180_support_3_3_9.539351074004621e-08_11_(S_101_1)_15	TSPY4|ENST00000383008	75.720	243	29	4	1	213	28	270	2.45e-116	328
transcript_181_support_5_5_not_tested_5__19	TSPY2|ENST00000429039	69.444	72	11	1	12	83	138	198	3.13e-33	108
transcript_181_support_5_5_not_tested_5__15	TSPY4|ENST00000383008	75.720	243	29	4	1	213	28	270	2.45e-116	328
transcript_182_support_5_8_0.0_8__3	DAZ4|ENST00000415508	84.746	59	9	0	1	59	308	366	3.15e-32	107
transcript_182_support_2_9_0.0_9__17	TSPY2|ENST00000429039	93.151	73	5	0	3	75	149	221	8.12e-51	152
transcript_182_support_2_9_0.0_9__12	TSPY4|ENST00000383008	86.275	204	19	2	1	195	28	231	3.20e-117	329
transcript_183_support_3_5_not_tested_5__10	TSPY4|ENST00000383008	84.713	157	15	2	1	148	28	184	1.35e-80	234
transcript_183_support_3_3_not_tested_3__23	TSPY10|ENST00000428845	91.391	151	13	0	3	153	158	308	5.20e-107	301
transcript_184_support_3_3_not_tested_3__11	DAZ3|ENST00000315357	76.190	105	19	1	1	105	236	334	4.02e-47	150
transcript_184_support_3_3_not_tested_3__11	DAZ3|ENST00000315357	75.238	105	20	1	1	105	212	310	5.19e-47	150
transcript_184_support_3_3_not_tested_3__11	DAZ3|ENST00000315357	69.524	105	26	1	1	105	188	286	1.23e-42	139
transcript_184_support_3_3_not_tested_3__11	DAZ3|ENST00000315357	68.932	103	26	1	3	105	166	262	8.41e-39	129
transcript_185_support_3_3_1.6940211923907848e-49_6_(S_38_1);(S_290_1);(S_340_1);(I_487_7)_3	DAZ4|ENST00000415508	86.441	59	8	0	1	59	308	366	2.33e-32	107
transcript_189_support_3_4_not_tested_4__24	HSFY2|ENST00000304790	92.703	370	24	1	1	370	35	401	0.0	707
transcript_19_support_2_2_3.1567305036799486e-07_10_(S_897_1)_12	RBMY1A1|ENST00000439108	88.235	102	12	0	13	114	1	102	1.32e-55	174
transcript_19_support_2_4_3.3537077040295444e-17_6_(S_512_1)_10	VCY1B|ENST00000250823	79.464	112	22	1	7	117	1	112	7.41e-52	154
transcript_19_support_3_8_6.615206342748796e-25_13_(S_453_1)_7	VCY1B|ENST00000250823	80.357	112	21	1	8	118	1	112	5.61e-52	155
transcript_19_support_8_17_0.0_17__26	RBMY1B|ENST00000383020	82.495	497	49	3	35	494	1	496	0.0	776
transcript_190_support_5_5_not_tested_5__3	TSPY4|ENST00000640033	91.379	58	5	0	1	58	160	217	9.44e-37	115
transcript_191_support_3_1_4.919129686758886e-08_25_(S_8_1);(S_46_1);(I_500_8)_8	TSPY10|ENST00000428845	95.041	121	6	0	1	121	188	308	3.36e-88	252
transcript_191_support_3_10_8.178611593966308e-21_70_(S_425_1)_7	VCY1B|ENST00000250823	80.357	112	21	1	9	119	1	112	3.52e-52	155
transcript_191_support_3_5_not_tested_5__18	TSPY4|ENST00000426950	88.502	287	24	2	1	278	28	314	0.0	502
transcript_191_support_5_24_not_tested_24__31	HSFY2|ENST00000304790	92.574	404	27	1	16	419	1	401	0.0	771
transcript_192_support_2_6_1.1578089712219905e-18_36_(S_186_1)_6	TSPY2|ENST00000429039	93.182	88	6	0	1	88	134	221	4.27e-61	179
transcript_199_support_4_4_1.717584263546198e-24_16_(S_102_1);(S_182_1)_7	VCY1B|ENST00000250823	78.641	103	21	1	1	102	10	112	1.07e-45	138
transcript_1_support_2_2_1.0470401070488528e-05_4_(D_7_10)_36	XKRY|AF000997.1	76.744	86	20	0	66	151	19	104	5.56e-40	127
transcript_1_support_3_3_5.743603343899905e-16_5_(S_35_1)_18	XKRY|AF000997.1	54.412	136	54	3	80	212	19	149	6.58e-36	120
transcript_20_support_3_3_not_tested_3__9	RBMY1F|ENST00000454978	87.000	100	12	1	25	124	361	459	7.51e-55	171
transcript_20_support_2_2_1.6448899330445182e-07_6_(S_512_1)_10	VCY1B|ENST00000250823	79.464	112	22	1	7	117	1	112	7.41e-52	154
transcript_20_support_6_13_0.0_13__10	DAZ3|ENST00000382365	68.794	141	32	2	1	141	254	382	3.58e-53	168
transcript_20_support_6_13_0.0_13__10	DAZ3|ENST00000382365	68.085	141	33	2	1	141	206	334	4.64e-52	165
transcript_20_support_6_13_0.0_13__10	DAZ3|ENST00000382365	66.667	141	35	2	1	141	230	358	1.26e-50	161
transcript_20_support_6_13_0.0_13__10	DAZ3|ENST00000382365	65.248	141	37	2	1	141	278	406	7.32e-49	157
transcript_20_support_6_13_0.0_13__10	DAZ3|ENST00000382365	64.964	137	36	2	5	141	186	310	5.99e-47	152
transcript_20_support_6_13_0.0_13__10	DAZ3|ENST00000382365	65.414	133	34	2	9	141	166	286	1.48e-44	145
transcript_203_support_3_1_2.0514057381654196e-26_57_(S_4_1);(S_10_1);(S_25_1);(S_40_1);(S_77_1);(S_81_1);(S_174_1);(S_424_1)_8	VCY1B|ENST00000250823	77.679	112	24	1	10	120	1	112	2.21e-49	148
transcript_203_support_2_12_8.888735631157797e-37_82_(S_101_1)_18	TSPY4|ENST00000426950	88.502	287	24	2	1	278	28	314	0.0	502
transcript_205_support_3_5_not_tested_5__10	VCY1B|ENST00000250823	79.798	99	18	1	10	106	1	99	6.88e-42	129
transcript_207_support_2_2_2.6118638045435517e-07_15_(S_359_1)_9	TSPY9P|ENST00000440215	92.466	146	11	0	1	146	169	314	3.53e-105	296
transcript_208_support_3_3_not_tested_3__13	DAZ3|ENST00000315357	58.224	304	37	2	1	214	63	366	1.88e-97	282
transcript_209_support_2_2_2.892551218269393e-07_6_(S_2547_1)_17	DAZ4|ENST00000415508	82.653	196	34	0	73	268	1	196	7.34e-92	274
transcript_21_support_3_3_not_tested_3__4	TSPY9P|ENST00000440215	91.667	60	5	0	1	60	255	314	3.36e-40	127
transcript_21_support_3_5_not_tested_5__8	DAZ3|ENST00000446723	71.717	99	22	1	2	100	242	334	1.28e-39	130
transcript_21_support_3_5_not_tested_5__8	DAZ3|ENST00000446723	67.677	99	26	1	2	100	266	358	2.25e-36	121
transcript_21_support_3_5_not_tested_5__8	DAZ3|ENST00000446723	66.667	99	27	1	2	100	218	310	4.83e-36	120
transcript_21_support_3_5_not_tested_5__8	DAZ3|ENST00000446723	66.667	99	27	1	2	100	194	286	9.25e-36	120
transcript_21_support_2_40_not_tested_40__6	VCY1B|ENST00000250823	79.279	111	22	1	1	110	2	112	1.46e-50	150
transcript_21_support_5_4_1.4481703190013048e-84_6_(S_41_1);(S_101_1);(S_185_1);(S_521_1)_11	VCY1B|ENST00000250823	79.464	112	22	1	7	117	1	112	7.41e-52	154
transcript_21_support_3_3_not_tested_3__17	DAZ4|ENST00000415508	82.653	196	34	0	54	249	1	196	3.15e-92	274
transcript_21_support_5_7_not_tested_7__26	XKRY|AF000997.1	54.412	136	54	3	231	363	19	149	1.23e-34	120
transcript_210_support_5_20_3.6447046688355944e-131_29_(S_662_1);(S_755_1)_16	TSPY4|ENST00000426950	88.502	287	24	2	1	278	28	314	0.0	502
transcript_214_support_6_10_2.924221067177321e-46_13_(S_219_1)_8	TSPY9P|ENST00000440215	92.593	135	10	0	1	135	180	314	1.12e-97	277
transcript_216_support_2_3_8.098564055874468e-13_13_(S_219_1)_8	TSPY9P|ENST00000440215	91.852	135	11	0	1	135	180	314	3.75e-96	273
transcript_217_support_3_5_not_tested_5__4	DAZ3|ENST00000315357	82.895	76	13	0	2	77	291	366	6.84e-41	130
transcript_217_support_7_14_not_tested_14__10	TSPY9P|ENST00000440215	93.711	159	10	0	1	159	156	314	2.66e-117	328
transcript_218_support_3_6_4.487876600090939e-21_8_(S_527_1)_13	TSPY4|ENST00000426950	92.070	227	15	1	11	234	88	314	7.96e-160	439
transcript_219_support_4_4_not_tested_4__7	DAZ3|ENST00000315357	74.615	130	27	1	2	131	243	366	1.22e-61	187
transcript_219_support_4_4_not_tested_4__7	DAZ3|ENST00000315357	68.367	98	25	1	2	99	171	262	5.43e-35	117
transcript_22_support_5_8_4.868996548271751e-39_14_(S_38_1);(S_472_1)_26	XKRY|AF000997.1	54.412	136	54	3	231	363	19	149	1.23e-34	120
transcript_220_support_3_3_not_tested_3__7	DAZ3|ENST00000315357	74.615	130	27	1	2	131	243	366	1.22e-61	187
transcript_220_support_3_3_not_tested_3__7	DAZ3|ENST00000315357	68.367	98	25	1	2	99	171	262	5.43e-35	117
transcript_222_support_3_3_not_tested_3__26	HSFY2|ENST00000304790	92.879	323	20	1	7	329	82	401	0.0	617
transcript_223_support_6_9_not_tested_9__26	HSFY2|ENST00000304790	92.879	323	20	1	7	329	82	401	0.0	617
transcript_225_support_4_5_3.068509646053932e-43_13_(S_667_1);(S_754_1)_28	HSFY2|ENST00000304790	92.500	400	27	1	1	400	5	401	0.0	762
transcript_226_support_8_11_4.631629174410898e-36_18_(S_997_1)_28	HSFY2|ENST00000304790	92.500	400	27	1	1	400	5	401	0.0	762
transcript_228_support_3_4_3.1906956839463017e-12_6_(S_90_1)_19	TSPY2|ENST00000429039	69.444	72	11	1	12	83	138	198	3.13e-33	108
transcript_228_support_2_5_not_tested_5__6	DAZ3|ENST00000315357	77.358	106	18	1	2	107	267	366	8.36e-52	160
transcript_228_support_3_4_3.1906956839463017e-12_6_(S_90_1)_15	TSPY4|ENST00000383008	75.720	243	29	4	1	213	28	270	2.45e-116	328
transcript_228_support_6_6_2.4542463272247215e-19_13_(S_463_1)_28	HSFY2|ENST00000304790	92.500	400	27	1	1	400	5	401	0.0	762
transcript_229_support_3_7_2.3244779375643302e-21_13_(S_463_1)_28	HSFY2|ENST00000304790	92.500	400	27	1	1	400	5	401	0.0	762
transcript_23_support_6_10_not_tested_10__12	VCY1B|ENST00000250823	86.076	79	11	0	62	140	34	112	4.15e-42	130
transcript_231_support_3_3_not_tested_3__25	TSPY2|ENST00000429039	90.476	84	8	0	12	95	138	221	4.33e-56	166
transcript_231_support_3_3_not_tested_3__11	TSPY2|ENST00000383042	79.412	170	26	2	1	161	28	197	4.26e-77	226
transcript_232_support_5_3_5.86596546816688e-23_6_(S_562_1);(S_942_1)_13	TSPY4|ENST00000426950	89.370	254	18	2	1	245	61	314	1.22e-163	449
transcript_233_support_3_2_5.321094540969956e-07_14_(S_600_1)_13	TSPY4|ENST00000426950	91.630	227	16	1	3	226	88	314	3.35e-158	434
transcript_235_support_3_2_2.3034055574995973e-07_8_(S_514_1)_13	TSPY4|ENST00000426950	91.630	227	16	1	15	238	88	314	1.48e-158	436
transcript_236_support_4_40_not_tested_40__5	TSPY2|ENST00000429039	92.647	68	5	0	1	68	154	221	3.88e-45	137
transcript_238_support_4_4_not_tested_4__3	DAZ4|ENST00000415508	84.615	65	10	0	1	65	302	366	3.00e-35	115
transcript_238_support_6_14_not_tested_14__10	TSPY9P|ENST00000440215	93.151	146	10	0	1	146	169	314	1.67e-106	300
transcript_239_support_3_3_not_tested_3__3	DAZ4|ENST00000415508	84.615	65	10	0	1	65	302	366	3.00e-35	115
transcript_239_support_2_2_1.1319122801181346e-15_16_(S_252_1);(S_345_1)_10	TSPY9P|ENST00000440215	91.781	146	12	0	1	146	169	314	2.93e-103	292
transcript_24_support_2_2_2.4902280267347078e-20_5_(S_24_1);(S_299_1)_6	VCY1B|ENST00000250823	76.842	95	21	1	4	98	32	125	2.99e-43	131
transcript_24_support_2_4_3.3915558593563255e-16_13_(S_113_1)_7	RBMY1B|ENST00000383020	58.503	147	52	3	1	143	338	479	4.88e-37	126
transcript_240_support_3_5_not_tested_5__3	DAZ4|ENST00000415508	84.615	65	10	0	1	65	302	366	3.00e-35	115
transcript_240_support_3_1_2.2270378670104854e-05_56_(S_829_1);(I_1043_8)_19	TSPY4|ENST00000426950	88.153	287	25	2	1	278	28	314	0.0	499
transcript_242_support_3_4_not_tested_4__3	DAZ4|ENST00000415508	84.615	65	10	0	1	65	302	366	3.00e-35	115
transcript_243_support_3_2_5.586844565236383e-07_6_(S_84_1)_19	TSPY2|ENST00000429039	69.444	72	11	1	12	83	138	198	3.13e-33	108
transcript_243_support_3_2_5.586844565236383e-07_6_(S_84_1)_15	TSPY4|ENST00000383008	75.720	243	29	4	1	213	28	270	2.45e-116	328
transcript_244_support_3_4_not_tested_4__3	DAZ4|ENST00000415508	84.615	65	10	0	1	65	302	366	3.00e-35	115
transcript_244_support_2_2_3.39472261328948e-08_16_(S_46_1);(D_260_2)_10	VCY1B|ENST00000250823	81.250	112	20	1	10	120	1	112	1.28e-52	156
transcript_245_support_5_11_not_tested_11__3	DAZ4|ENST00000415508	84.615	65	10	0	1	65	302	366	3.00e-35	115
transcript_247_support_2_2_6.1956300861498765e-09_4_(S_959_1)_24	TSPY2|ENST00000429039	92.857	84	6	0	12	95	138	221	7.79e-59	174
transcript_247_support_2_2_6.1956300861498765e-09_4_(S_959_1)_18	TSPY4|ENST00000383008	75.720	243	29	4	1	213	28	270	2.45e-116	328
transcript_248_support_5_15_6.259721609337869e-88_54_(S_73_1);(S_699_1)_17	TSPY4|ENST00000426950	88.502	287	24	2	1	278	28	314	0.0	502
transcript_25_support_2_3_2.962938230109435e-32_5_(S_24_1);(S_299_1)_7	VCY1B|ENST00000250823	76.842	95	21	1	4	98	32	125	4.53e-43	130
transcript_25_support_20_31_not_tested_31__7	VCY1B|ENST00000250823	80.357	112	21	1	10	120	1	112	1.40e-52	156
transcript_25_support_3_8_not_tested_8__10	RBMY1J|ENST00000250831	59.477	153	53	3	34	182	332	479	1.07e-39	134
transcript_25_support_4_1_0.00043694059471818776_8_(D_1205_1)_17	DAZ4|ENST00000415508	82.653	196	34	0	73	268	1	196	7.34e-92	274
transcript_252_support_5_20_3.494791632317132e-116_25_(S_802_1);(D_1096_1)_17	TSPY4|ENST00000426950	88.153	287	25	2	1	278	28	314	0.0	499
transcript_253_support_3_9_1.506432379173017e-22_81_(S_4_1)_8	VCY1B|ENST00000250823	80.357	112	21	1	7	117	1	112	3.56e-52	155
transcript_26_support_2_5_2.7066148017681004e-11_36_(S_375_1)_7	VCY1B|ENST00000250823	81.250	112	20	1	10	120	1	112	5.88e-53	157
transcript_262_support_2_4_not_tested_4__16	TSPY4|ENST00000426950	88.502	287	24	2	1	278	28	314	0.0	502
transcript_265_support_5_4_2.0932742283369074e-22_29_(S_646_1);(S_739_1)_16	TSPY4|ENST00000426950	87.805	287	26	2	1	278	28	314	0.0	494
transcript_267_support_3_3_7.491454324666955e-13_7_(S_764_1)_20	TSPY2|ENST00000429039	91.667	84	7	0	12	95	138	221	1.71e-57	170
transcript_267_support_3_3_7.491454324666955e-13_7_(S_764_1)_14	TSPY4|ENST00000383008	75.720	243	29	4	1	213	28	270	2.45e-116	328
transcript_27_support_3_3_not_tested_3__15	BPY2B|ENST00000615850	72.000	75	19	2	10	83	14	87	1.57e-32	102
transcript_27_support_3_18_0.0_18__19	CDY2B|ENST00000382867	82.734	139	24	0	1	139	32	170	1.26e-79	238
transcript_27_support_3_18_0.0_18__47	CDY1B|ENST00000382407	93.491	169	11	0	1	169	372	540	4.38e-116	333
transcript_27_support_3_18_0.0_18__34	CDY1B|ENST00000382407	88.500	200	23	0	1	200	171	370	2.25e-128	366
transcript_27_support_6_7_1.379206473601335e-33_8_(I_1205_1)_17	DAZ4|ENST00000415508	82.653	196	34	0	73	268	1	196	7.34e-92	274
transcript_276_support_2_3_1.115952064989695e-12_11_(S_261_1)_10	VCY1B|ENST00000250823	80.357	112	21	1	10	120	1	112	4.41e-52	155
transcript_277_support_4_3_1.1677853744448396e-08_10_(S_510_1)_10	VCY1B|ENST00000250823	80.357	112	21	1	10	120	1	112	4.41e-52	155
transcript_279_support_2_15_9.875603887654972e-38_39_(S_424_1)_7	VCY1B|ENST00000250823	79.464	112	22	1	7	117	1	112	7.41e-52	154
transcript_28_support_6_6_1.2203689697541271e-244_7_(S_24_1);(S_59_1);(S_74_1);(S_115_1);(I_148_1);(D_343_5);(S_457_1)_9	VCY1B|ENST00000250823	79.464	112	22	1	10	120	1	112	2.47e-50	150
transcript_28_support_3_3_not_tested_3__13	XKRY|AF000997.1	54.412	136	54	3	22	154	19	149	2.61e-36	119
transcript_28_support_5_7_not_tested_7__14	DAZ3|ENST00000315357	80.142	141	28	0	1	141	56	196	2.71e-62	193
transcript_28_support_3_17_0.0_17__26	RBMY1B|ENST00000383020	82.495	497	49	3	35	494	1	496	0.0	776
transcript_284_support_12_24_6.509152232942168e-247_31_(S_89_1);(S_251_1);(S_399_1)_6	VCY1B|ENST00000250823	80.357	112	21	1	9	119	1	112	1.48e-52	156
transcript_285_support_5_4_not_tested_4__8	VCY1B|ENST00000250823	76.596	94	21	1	9	101	1	94	2.14e-37	118
transcript_288_support_3_4_not_tested_4__10	TSPY2|ENST00000429039	94.203	69	4	0	39	107	153	221	9.65e-47	143
transcript_29_support_3_4_not_tested_4__10	RBMY1B|ENST00000383020	59.477	153	53	3	24	172	332	479	9.76e-40	134
transcript_29_support_5_11_not_tested_11__18	XKRY|AF000997.1	54.412	136	54	3	80	212	19	149	6.58e-36	120
transcript_29_support_3_1_0.00854313090201684_14_(I_1381_7);(I_2502_5)_18	DAZ4|ENST00000415508	82.653	196	34	0	80	275	1	196	8.69e-92	274
transcript_29_support_5_4_3.1982631401358414e-17_9_(S_1498_1)_26	XKRY|AF000997.1	54.412	136	54	3	231	363	19	149	1.24e-34	120
transcript_29_support_3_3_7.798081853094825e-125_6_(S_113_1);(S_333_1);(S_526_1);(S_591_1);(S_599_1);(S_645_1);(S_768_1);(S_1159_1);(S_1424_1)_43	CDY1B|ENST00000382407	90.573	541	50	1	79	619	1	540	0.0	1018
transcript_295_support_3_4_not_tested_4__11	TSPY10|ENST00000428845	93.548	186	12	0	1	186	123	308	3.36e-136	377
transcript_296_support_29_91_not_tested_91__7	VCY1B|ENST00000250823	81.250	112	20	1	9	119	1	112	1.00e-52	157
transcript_2_support_5_7_not_tested_7__34	CDY2B|ENST00000382867	86.364	66	9	0	8	73	306	371	1.22e-35	119
transcript_2_support_5_5_not_tested_5__6	BPY2B|ENST00000615850	72.000	75	19	2	10	83	14	87	1.57e-32	102
transcript_2_support_5_7_not_tested_7__20	CDY2B|ENST00000382867	84.956	113	17	0	1	113	58	170	2.40e-62	192
transcript_2_support_5_7_not_tested_7__29	CDY1B|ENST00000382407	88.235	136	16	0	1	136	171	306	8.39e-83	246
transcript_2_support_5_7_not_tested_7__47	CDY1B|ENST00000382407	93.491	169	11	0	1	169	372	540	4.05e-115	330
transcript_2_support_2_2_1.5546673687753744e-10_5_(S_35_1)_18	XKRY|AF000997.1	54.412	136	54	3	80	212	19	149	6.80e-36	120
transcript_30_support_3_1_3.7172340703769134e-06_3_(S_347_1)_16	CDY1B|ENST00000382407	90.667	75	7	0	1	75	32	106	2.97e-46	148
transcript_30_support_8_28_not_tested_28__6	TSPY2|ENST00000429039	93.671	79	5	0	1	79	143	221	1.64e-55	164
transcript_30_support_4_7_not_tested_7__7	VCY1B|ENST00000250823	85.185	81	12	0	2	82	32	112	2.31e-43	131
transcript_30_support_3_8_2.4307472129748407e-25_31_(S_48_1)_8	VCY1B|ENST00000250823	80.357	112	21	1	10	120	1	112	7.45e-52	154
transcript_30_support_2_3_not_tested_3__17	HSFY2|ENST00000344884	91.071	168	15	0	1	168	5	172	1.22e-112	314
transcript_30_support_3_6_not_tested_6__23	XKRY|AF000997.1	54.412	136	54	3	108	240	19	149	1.91e-35	120
transcript_300_support_33_72_8.876193481600122e-233_81_(S_18_1)_7	VCY1B|ENST00000250823	80.357	112	21	1	9	119	1	112	3.52e-52	155
transcript_301_support_3_2_2.244593854631224e-26_10_(S_564_1);(S_566_1);(I_572_2)_4	DAZ3|ENST00000315357	82.895	76	13	0	3	78	291	366	6.35e-41	131
transcript_304_support_3_4_not_tested_4__10	DAZ3|ENST00000315357	69.091	165	39	2	2	166	194	346	1.27e-65	199
transcript_304_support_3_4_not_tested_4__10	DAZ3|ENST00000315357	70.677	133	27	2	22	154	166	286	3.13e-50	159
transcript_308_support_3_5_2.0229281169931605e-10_9_(S_425_1)_6	VCY1B|ENST00000250823	80.357	112	21	1	9	119	1	112	4.15e-52	155
transcript_309_support_3_4_4.895703723200952e-06_9_(S_425_1)_6	VCY1B|ENST00000250823	80.357	112	21	1	9	119	1	112	4.15e-52	155
transcript_31_support_2_2_3.4544620074520012e-12_3_(S_347_1)_16	CDY1B|ENST00000382407	90.667	75	7	0	1	75	32	106	2.97e-46	148
transcript_31_support_3_5_not_tested_5__6	VCY1B|ENST00000250823	74.359	78	17	2	49	124	49	125	3.66e-32	104
transcript_31_support_6_1_8.640713599691102e-21_13_(S_104_1);(S_159_1);(S_279_1);(I_341_5);(S_375_1)_8	VCY1B|ENST00000250823	80.808	99	18	1	10	107	1	99	5.02e-43	132
transcript_311_support_3_10_not_tested_10__8	TSPY2|ENST00000429039	91.667	84	7	0	12	95	138	221	1.71e-57	170
transcript_311_support_3_5_not_tested_5__8	DAZ3|ENST00000315357	48.035	229	29	2	16	154	138	366	1.02e-55	172
transcript_312_support_10_24_7.772200812123059e-68_39_(S_421_1)_7	VCY1B|ENST00000250823	79.464	112	22	1	7	117	1	112	7.41e-52	154
transcript_321_support_5_6_3.5697218130807196e-49_9_(S_212_1);(S_214_1)_7	VCY1B|ENST00000250823	86.420	81	11	0	3	83	32	112	7.38e-44	132
transcript_327_support_4_4_not_tested_4__3	DAZ4|ENST00000415508	87.302	63	8	0	1	63	304	366	3.98e-35	115
transcript_327_support_3_6_not_tested_6__15	TSPY2|ENST00000429039	92.857	84	6	0	12	95	138	221	7.79e-59	174
transcript_327_support_3_6_not_tested_6__9	TSPY3|ENST00000440483	93.137	102	7	0	2	103	37	138	1.22e-69	200
transcript_329_support_3_3_not_tested_3__10	TSPY9P|ENST00000440215	93.151	146	10	0	1	146	169	314	1.67e-106	300
transcript_33_support_7_12_0.0_12__11	TSPY10|ENST00000428845	93.143	175	12	0	1	175	134	308	9.19e-128	355
transcript_33_support_3_3_not_tested_3__14	CDY2B|ENST00000382867	86.792	106	14	0	81	186	1	106	1.16e-65	204
transcript_33_support_3_3_not_tested_3__12	HSFY2|ENST00000304790	92.500	200	12	1	1	200	205	401	5.41e-135	378
transcript_33_support_3_3_not_tested_3__23	XKRY|AF000997.1	54.412	136	54	3	108	240	19	149	1.91e-35	120
transcript_331_support_3_9_not_tested_9__14	TSPY2|ENST00000429039	92.857	84	6	0	12	95	138	221	7.79e-59	174
transcript_331_support_3_9_not_tested_9__8	TSPY3|ENST00000424594	64.706	102	15	2	1	81	163	264	1.03e-41	132
transcript_332_support_4_4_6.046900789170392e-42_6_(S_96_1);(D_98_1)_6	TSPY2|ENST00000429039	80.822	73	14	0	16	88	116	188	7.66e-43	134
transcript_34_support_2_3_5.170008569171514e-76_77_(S_4_1);(S_10_1);(S_69_1);(S_77_1);(D_114_1);(D_115_2);(D_116_2);(S_130_1);(S_174_1);(S_250_1)_7	VCY1B|ENST00000250823	81.250	112	19	1	10	119	1	112	1.99e-52	156
transcript_34_support_3_8_not_tested_8__40	XKRY|AF000997.1	76.744	86	20	0	66	151	19	104	6.47e-40	126
transcript_35_support_6_6_not_tested_6__31	HSFY2|ENST00000304790	92.308	390	27	1	3	392	15	401	0.0	744
transcript_37_support_3_3_not_tested_3__58	XKRY|AF000997.1	78.788	66	13	1	9	73	1	66	4.49e-31	100
transcript_37_support_6_15_0.0_15__6	VCY1B|ENST00000250823	89.231	65	7	0	2	66	48	112	7.34e-36	112
transcript_37_support_3_5_not_tested_5__25	RBMY1J|ENST00000250831	87.123	497	63	1	35	531	1	496	0.0	834
transcript_37_support_3_5_2.047643484685577e-39_12_(S_28_1);(S_65_1)_45	CDY1B|ENST00000382407	90.388	541	51	1	81	621	1	540	0.0	1016
transcript_38_support_6_4_7.408258974510608e-81_8_(D_7_1);(S_22_1);(S_194_1);(S_253_1)_5	VCY1B|ENST00000250823	89.231	65	7	0	3	67	48	112	7.90e-36	112
transcript_38_support_13_26_3.497150429085481e-55_32_(S_273_1)_8	VCY1B|ENST00000250823	80.357	112	21	1	10	120	1	112	6.26e-52	154
transcript_38_support_6_6_not_tested_6__16	DAZ4|ENST00000415508	85.542	166	24	0	73	238	1	166	3.76e-79	240
transcript_39_support_3_4_not_tested_4__12	TSPY10|ENST00000428845	93.659	205	13	0	1	205	104	308	8.09e-149	409
transcript_3_support_7_9_not_tested_9__4	RBMY1F|ENST00000454978	88.333	60	7	0	2	61	400	459	5.99e-32	107
transcript_3_support_6_6_not_tested_6__3	DAZ4|ENST00000415508	84.615	65	10	0	1	65	302	366	3.00e-35	115
transcript_3_support_5_5_not_tested_5__4	DAZ4|ENST00000415508	85.507	69	10	0	7	75	298	366	8.81e-38	122
transcript_3_support_2_5_1.0151738963877517e-19_15_(S_246_1)_6	VCY1B|ENST00000250823	75.581	86	20	1	1	86	41	125	9.87e-38	117
transcript_3_support_2_3_4.07948414869458e-09_5_(S_145_1)_6	CDY2B|ENST00000382867	82.105	95	17	0	1	95	76	170	2.41e-49	157
transcript_3_support_3_3_not_tested_3__25	XKRY|AF000997.1	84.694	98	15	0	47	144	7	104	5.04e-56	167
transcript_3_support_2_2_6.174489757086973e-07_4_(I_7_10)_36	XKRY|AF000997.1	76.744	86	20	0	66	151	19	104	5.56e-40	127
transcript_3_support_2_3_4.07948414869458e-09_5_(S_145_1)_35	CDY1B|ENST00000382407	93.491	169	11	0	1	169	372	540	4.38e-116	333
transcript_3_support_2_3_4.07948414869458e-09_5_(S_145_1)_22	CDY1B|ENST00000382407	88.500	200	23	0	1	200	171	370	2.25e-128	366
transcript_40_support_6_6_2.4165144701063113e-14_23_(S_2975_1)_17	DAZ4|ENST00000415508	82.653	196	34	0	73	268	1	196	7.34e-92	274
transcript_41_support_3_4_5.179162171950219e-07_10_(D_2975_1)_17	DAZ4|ENST00000415508	82.653	196	34	0	73	268	1	196	7.34e-92	274
transcript_42_support_6_16_not_tested_16__9	VCY1B|ENST00000250823	79.798	99	18	1	10	106	1	99	6.88e-42	129
transcript_42_support_3_4_5.108443656483536e-11_21_(S_2975_1)_17	DAZ4|ENST00000415508	82.653	196	34	0	73	268	1	196	7.34e-92	274
transcript_43_support_3_12_not_tested_12__7	TSPY2|ENST00000429039	92.857	84	6	0	12	95	138	221	7.79e-59	174
transcript_43_support_5_9_0.0_9__7	TSPY9P|ENST00000440215	93.162	117	8	0	1	117	191	307	9.09e-84	241
transcript_43_support_16_20_6.719560146211995e-27_25_(D_2680_8)_17	DAZ4|ENST00000415508	82.653	196	34	0	73	268	1	196	7.34e-92	274
transcript_43_support_7_9_0.0007048325384592746_40_(I_1342_8)_31	HSFY2|ENST00000304790	92.574	404	27	1	16	419	1	401	0.0	771
transcript_43_support_3_3_3.8897921516278904e-24_12_(S_28_1);(S_65_1)_45	CDY1B|ENST00000382407	90.388	541	51	1	72	612	1	540	0.0	1018
transcript_44_support_13_16_7.170996794408795e-39_30_(S_175_1)_8	TSPY9P|ENST00000440215	92.742	124	9	0	1	124	191	314	5.22e-89	254
transcript_44_support_2_2_0.0028044093448506766_18_(S_103_1)_9	VCY1B|ENST00000250823	79.798	99	18	1	10	106	1	99	6.88e-42	129
transcript_44_support_2_13_9.275066103653961e-32_92_(S_409_1)_7	VCY1B|ENST00000250823	79.464	112	22	1	10	120	1	112	2.47e-50	150
transcript_44_support_3_5_0.007344120328474819_25_(I_2680_8)_17	DAZ4|ENST00000415508	82.653	196	34	0	73	268	1	196	7.34e-92	274
transcript_44_support_4_12_0.0_12__24	RBMY1B|ENST00000619219	50.554	451	133	9	1	370	1	442	1.02e-113	333
transcript_45_support_4_4_not_tested_4__25	XKRY|AF000997.1	76.744	86	20	0	66	151	19	104	5.56e-40	127
transcript_45_support_3_3_not_tested_3__18	XKRY|AF000997.1	54.412	136	54	3	80	212	19	149	6.58e-36	120
transcript_47_support_42_83_not_tested_83__8	VCY1B|ENST00000250823	79.464	112	22	1	10	120	1	112	2.47e-50	150
transcript_49_support_6_8_not_tested_8__18	CDY2B|ENST00000382867	82.734	139	24	0	1	139	32	170	5.08e-79	236
transcript_49_support_3_3_not_tested_3__36	XKRY|AF000997.1	76.744	86	20	0	67	152	19	104	6.28e-40	126
transcript_49_support_6_8_not_tested_8__48	CDY2B|ENST00000382867	91.716	169	14	0	1	169	373	541	2.50e-114	328
transcript_49_support_6_8_not_tested_8__34	CDY1B|ENST00000382407	87.000	200	26	0	1	200	171	370	1.10e-124	356
transcript_49_support_3_3_not_tested_3__25	XKRY|AF000997.1	54.412	136	54	3	224	356	19	149	9.64e-35	120
transcript_4_support_7_7_not_tested_7__4	DAZ3|ENST00000315357	82.222	90	16	0	1	90	277	366	1.86e-48	151
transcript_4_support_3_2_5.351795937911925e-07_5_(S_145_1)_6	CDY2B|ENST00000382867	82.105	95	17	0	1	95	76	170	2.41e-49	157
transcript_4_support_4_4_not_tested_4__33	CDY2B|ENST00000382867	82.883	111	19	0	3	113	60	170	2.50e-59	184
transcript_4_support_6_9_not_tested_9__8	VCY1B|ENST00000250823	80.357	112	21	1	10	120	1	112	7.21e-52	154
transcript_4_support_3_3_not_tested_3__33	XKRY|AF000997.1	76.744	86	20	0	66	151	19	104	5.56e-40	127
transcript_4_support_3_2_5.351795937911925e-07_5_(S_145_1)_35	CDY1B|ENST00000382407	93.491	169	11	0	1	169	372	540	4.38e-116	333
transcript_4_support_3_2_5.351795937911925e-07_5_(S_145_1)_22	CDY1B|ENST00000382407	88.500	200	23	0	1	200	171	370	2.25e-128	366
transcript_50_support_8_8_1.0140411228838135e-21_10_(S_239_1)_5	VCY1B|ENST00000250823	77.215	79	17	1	2	80	48	125	3.43e-35	110
transcript_50_support_3_3_not_tested_3__76	HSFY2|ENST00000344884	71.429	84	24	0	16	99	1	84	4.28e-37	118
transcript_50_support_3_3_not_tested_3__108	HSFY2|ENST00000304790	74.790	119	30	0	19	137	282	400	1.03e-59	183
transcript_51_support_2_2_2.937513232388346e-05_10_(S_239_1)_6	VCY1B|ENST00000250823	87.692	65	8	0	2	66	48	112	2.47e-35	110
transcript_51_support_3_1_2.644389766508887e-20_7_(S_68_1);(S_144_1);(S_240_1);(S_299_1)_6	VCY1B|ENST00000250823	87.654	81	10	0	9	89	32	112	4.21e-44	134
transcript_51_support_2_3_1.410932288748366e-08_85_(S_345_1)_8	VCY1B|ENST00000250823	78.571	112	23	1	10	120	1	112	2.93e-49	148
transcript_51_support_7_7_not_tested_7__18	TSPY4|ENST00000383008	87.446	231	20	2	1	222	28	258	3.56e-139	387
transcript_52_support_3_3_not_tested_3__15	TSPY10|ENST00000428845	93.056	216	15	0	55	270	93	308	2.28e-155	429
transcript_53_support_3_4_not_tested_4__122	HSFY2|ENST00000344884	79.487	78	16	0	16	93	1	78	1.75e-38	121
transcript_53_support_3_4_not_tested_4__155	HSFY2|ENST00000304790	78.992	119	25	0	19	137	282	400	1.17e-65	198
transcript_53_support_3_5_2.4134476959564633e-95_17_(S_32_1);(S_387_1);(S_423_1);(S_466_1);(S_514_1);(S_782_1);(I_1994_2)_18	CDY2B|ENST00000382867	83.453	139	23	0	1	139	32	170	2.55e-80	240
transcript_53_support_3_5_2.4134476959564633e-95_17_(S_32_1);(S_387_1);(S_423_1);(S_466_1);(S_514_1);(S_782_1);(I_1994_2)_47	CDY1B|ENST00000382407	93.491	169	11	0	1	169	372	540	4.38e-116	333
transcript_53_support_3_6_not_tested_6__19	RBMY1B|ENST00000383020	59.477	153	53	3	14	162	332	479	2.16e-39	133
transcript_53_support_3_5_not_tested_5__11	HSFY2|ENST00000304790	91.620	179	12	1	1	179	226	401	4.28e-117	332
transcript_53_support_3_5_2.4134476959564633e-95_17_(S_32_1);(S_387_1);(S_423_1);(S_466_1);(S_514_1);(S_782_1);(I_1994_2)_34	CDY1B|ENST00000382407	88.500	200	23	0	1	200	171	370	2.25e-128	366
transcript_54_support_2_2_9.74539049064495e-09_5_(S_324_1)_17	TSPY2|ENST00000429039	93.151	73	5	0	3	75	149	221	8.12e-51	152
transcript_54_support_3_3_not_tested_3__9	VCY1B|ENST00000250823	83.544	79	13	0	55	133	34	112	2.65e-41	128
transcript_54_support_2_2_9.74539049064495e-09_5_(S_324_1)_12	TSPY4|ENST00000383008	86.765	204	18	2	1	195	28	231	3.58e-118	332
transcript_54_support_2_3_3.469499664728137e-07_5_(S_1243_1)_18	DAZ4|ENST00000415508	82.653	196	34	0	80	275	1	196	8.69e-92	274
transcript_55_support_3_2_6.506802450100837e-38_5_(S_34_1);(S_425_1);(S_468_1);(S_516_1)_18	CDY2B|ENST00000382867	84.173	139	22	0	1	139	32	170	6.77e-82	244
transcript_55_support_3_2_6.506802450100837e-38_5_(S_34_1);(S_425_1);(S_468_1);(S_516_1)_29	CDY1B|ENST00000382407	88.000	150	18	0	1	150	171	320	3.21e-92	271
transcript_55_support_2_2_3.963498025783911e-05_5_(S_1243_1)_18	DAZ4|ENST00000415508	82.653	196	34	0	80	275	1	196	8.69e-92	274
transcript_56_support_5_7_not_tested_7__9	RBMY1J|ENST00000250831	59.477	153	53	3	13	161	332	479	1.21e-39	134
transcript_57_support_7_15_not_tested_15__32	CDY2B|ENST00000382867	86.364	66	9	0	8	73	306	371	1.41e-35	119
transcript_57_support_3_3_2.850630083104439e-13_5_(S_324_1)_17	TSPY2|ENST00000429039	93.151	73	5	0	3	75	149	221	8.12e-51	152
transcript_57_support_7_15_not_tested_15__18	CDY2B|ENST00000382867	84.892	139	21	0	1	139	32	170	1.43e-81	243
transcript_57_support_7_15_not_tested_15__27	CDY2B|ENST00000382867	86.765	136	18	0	1	136	172	307	4.06e-81	243
transcript_57_support_3_3_not_tested_3__24	XKRY|AF000997.1	76.744	86	20	0	67	152	19	104	6.28e-40	126
transcript_57_support_7_15_not_tested_15__45	CDY1B|ENST00000382407	93.491	169	11	0	1	169	372	540	1.86e-115	332
transcript_57_support_3_3_2.850630083104439e-13_5_(S_324_1)_12	TSPY4|ENST00000383008	86.275	204	19	2	1	195	28	231	3.20e-117	329
transcript_58_support_2_4_2.9336361173705324e-23_7_(S_802_1);(S_808_1)_32	CDY2B|ENST00000382867	86.364	66	9	0	8	73	306	371	1.41e-35	119
transcript_58_support_2_4_2.9336361173705324e-23_7_(S_802_1);(S_808_1)_18	CDY2B|ENST00000382867	84.892	139	21	0	1	139	32	170	1.43e-81	243
transcript_58_support_2_4_2.9336361173705324e-23_7_(S_802_1);(S_808_1)_27	CDY1B|ENST00000382407	88.235	136	16	0	1	136	171	306	2.00e-82	246
transcript_58_support_2_4_2.9336361173705324e-23_7_(S_802_1);(S_808_1)_45	CDY1B|ENST00000382407	93.491	169	11	0	1	169	372	540	1.86e-115	332
transcript_59_support_3_3_not_tested_3__5	VCY1B|ENST00000250823	70.000	110	30	2	1	109	2	109	2.20e-39	122
transcript_59_support_5_8_not_tested_8__8	RBMY1J|ENST00000250831	84.646	254	38	1	2	255	244	496	9.85e-140	395
transcript_5_support_3_3_not_tested_3__9	RBMY1F|ENST00000454978	86.111	72	9	1	1	72	389	459	9.92e-36	118
transcript_5_support_6_6_not_tested_6__5	CDY1B|ENST00000382407	88.889	72	8	0	1	72	58	129	1.85e-37	124
transcript_5_support_3_2_1.2763111202972048e-52_4_(S_135_1);(S_319_1);(S_880_1);(S_1035_1);(S_1070_1);(S_1387_1);(S_1410_1)_6	CDY2B|ENST00000382867	83.158	95	16	0	1	95	76	170	6.69e-50	158
transcript_5_support_10_11_not_tested_11__6	DAZ3|ENST00000315357	66.667	93	24	1	8	93	274	366	4.75e-33	111
transcript_5_support_3_3_not_tested_3__6	DAZ4|ENST00000415508	61.765	102	21	1	16	99	138	239	2.57e-32	110
transcript_5_support_3_3_not_tested_3__43	XKRY|AF000997.1	74.400	125	18	2	45	155	7	131	3.83e-59	175
transcript_5_support_3_2_1.2763111202972048e-52_4_(S_135_1);(S_319_1);(S_880_1);(S_1035_1);(S_1070_1);(S_1387_1);(S_1410_1)_34	CDY2B|ENST00000382867	94.675	169	9	0	1	169	373	541	1.30e-117	337
transcript_5_support_3_2_1.2763111202972048e-52_4_(S_135_1);(S_319_1);(S_880_1);(S_1035_1);(S_1070_1);(S_1387_1);(S_1410_1)_21	CDY1B|ENST00000382407	88.500	200	23	0	1	200	171	370	2.25e-128	366
transcript_60_support_3_5_not_tested_5__19	DAZ4|ENST00000415508	82.653	196	34	0	80	275	1	196	7.70e-92	274
transcript_61_support_3_3_not_tested_3__24	RBMY1F|ENST00000454978	87.000	100	12	1	25	124	361	459	7.51e-55	171
transcript_62_support_8_17_5.07250394815315e-221_23_(S_60_1);(S_396_1);(S_397_1);(S_428_1)_7	VCY1B|ENST00000250823	79.279	111	22	1	1	110	2	112	6.78e-51	152
transcript_62_support_5_13_0.0_13__24	RBMY1B|ENST00000619219	50.554	451	133	9	1	370	1	442	1.02e-113	333
transcript_63_support_8_16_not_tested_16__6	VCY1B|ENST00000250823	80.357	112	21	1	3	113	1	112	1.18e-52	156
transcript_63_support_3_4_9.328513589404445e-15_6_(S_133_1)_20	TSPY4|ENST00000426950	88.153	287	25	2	1	278	28	314	0.0	499
transcript_64_support_2_2_6.1956300861498765e-09_4_(S_957_1)_24	TSPY2|ENST00000429039	91.667	84	7	0	12	95	138	221	1.41e-57	170
transcript_64_support_2_3_6.264705050944894e-54_5_(S_34_1);(S_425_1);(S_468_1);(S_516_1)_18	CDY2B|ENST00000382867	82.734	139	24	0	1	139	32	170	1.26e-79	238
transcript_64_support_2_3_6.264705050944894e-54_5_(S_34_1);(S_425_1);(S_468_1);(S_516_1)_29	CDY1B|ENST00000382407	88.000	150	18	0	1	150	171	320	3.21e-92	271
transcript_64_support_2_2_6.1956300861498765e-09_4_(S_957_1)_18	TSPY4|ENST00000383008	75.720	243	29	4	1	213	28	270	2.45e-116	328
transcript_64_support_7_17_not_tested_17__12	DAZ4|ENST00000415508	81.061	132	25	0	1	132	65	196	5.56e-58	181
transcript_64_support_3_3_not_tested_3__18	XKRY|AF000997.1	54.412	136	54	3	80	212	19	149	6.58e-36	120
transcript_65_support_2_4_6.923607035195703e-80_8_(I_3_1);(S_17_1);(S_189_1);(S_248_1)_6	VCY1B|ENST00000250823	79.012	81	16	1	2	82	46	125	5.89e-37	114
transcript_66_support_5_9_1.8710324073903307e-37_13_(S_130_1)_7	RBMY1B|ENST00000383020	58.156	141	50	3	1	137	344	479	1.23e-34	119
transcript_66_support_3_3_not_tested_3__21	TSPY10|ENST00000428845	91.391	151	13	0	3	153	158	308	5.20e-107	301
transcript_67_support_3_8_0.0_8__3	DAZ4|ENST00000415508	84.746	59	9	0	1	59	308	366	3.15e-32	107
transcript_68_support_70_127_not_tested_127__8	VCY1B|ENST00000250823	79.798	99	18	1	10	106	1	99	6.88e-42	129
transcript_68_support_2_2_2.5048494069042986e-05_62_(S_1_1)_8	VCY1B|ENST00000250823	79.464	112	22	1	10	120	1	112	2.47e-50	150
transcript_69_support_2_4_not_tested_4__9	DAZ4|ENST00000415508	76.842	95	22	0	1	95	102	196	8.24e-34	117
transcript_69_support_3_3_8.792259991045531e-123_6_(S_108_1);(S_328_1);(S_521_1);(S_586_1);(S_594_1);(S_640_1);(S_763_1);(S_1154_1);(S_1419_1)_45	CDY1B|ENST00000382407	91.312	541	46	1	81	621	1	540	0.0	1025
transcript_6_support_3_3_not_tested_3__4	TSPY8|ENST00000383005	90.000	50	5	0	1	50	92	141	3.58e-31	99.8
transcript_6_support_3_3_not_tested_3__40	XKRY|AF000997.1	76.744	86	20	0	62	147	19	104	5.75e-40	126
transcript_70_support_2_2_2.372880459179154e-11_129_(S_340_1);(S_426_1)_8	VCY1B|ENST00000250823	79.798	99	18	1	10	106	1	99	6.88e-42	129
transcript_70_support_3_2_6.340163031113941e-06_6_(S_125_1)_20	TSPY4|ENST00000426950	88.153	287	25	2	1	278	28	314	0.0	499
transcript_70_support_2_2_3.834633081586386e-09_5_(D_1142_1)_18	XKRY|AF000997.1	54.412	136	54	3	80	212	19	149	6.80e-36	120
transcript_70_support_5_9_1.1860977882740377e-51_25_(S_644_1);(S_731_1)_28	HSFY2|ENST00000304790	92.879	323	20	1	7	329	82	401	0.0	617
transcript_71_support_8_14_5.3944514023582935e-137_30_(S_288_1);(S_290_1)_7	VCY1B|ENST00000250823	81.081	111	20	1	1	110	2	112	8.19e-52	154
transcript_71_support_3_9_5.2104547469634e-07_130_(D_313_5)_8	VCY1B|ENST00000250823	81.250	112	19	1	10	119	1	112	3.68e-52	155
transcript_71_support_3_6_0.0_6__14	RBMY1B|ENST00000619219	42.105	323	97	9	1	242	129	442	1.17e-44	149
transcript_71_support_2_3_1.4330757157750824e-12_8_(S_751_1)_20	TSPY4|ENST00000426950	88.502	287	24	2	1	278	28	314	0.0	502
transcript_71_support_3_3_7.03593532204354e-14_5_(D_1142_1)_18	XKRY|AF000997.1	54.412	136	54	3	80	212	19	149	6.80e-36	120
transcript_72_support_6_3_1.8422025446116087e-19_7_(S_804_1);(S_810_1)_32	CDY2B|ENST00000382867	86.364	66	9	0	8	73	306	371	1.41e-35	119
transcript_72_support_5_7_not_tested_7__21	RBMY1F|ENST00000454978	87.000	100	12	1	25	124	361	459	7.51e-55	171
transcript_72_support_6_3_1.8422025446116087e-19_7_(S_804_1);(S_810_1)_18	CDY2B|ENST00000382867	84.892	139	21	0	1	139	32	170	1.43e-81	243
transcript_72_support_6_3_1.8422025446116087e-19_7_(S_804_1);(S_810_1)_27	CDY2B|ENST00000382867	86.765	136	18	0	1	136	172	307	4.06e-81	243
transcript_72_support_6_3_1.8422025446116087e-19_7_(S_804_1);(S_810_1)_45	CDY1B|ENST00000382407	93.491	169	11	0	1	169	372	540	1.86e-115	332
transcript_73_support_6_34_0.0_34__4	TSPY2|ENST00000429039	93.548	62	4	0	1	62	160	221	1.06e-41	128
transcript_74_support_3_9_0.0_9__7	TSPY9P|ENST00000440215	93.443	122	8	0	1	122	186	307	7.00e-88	252
transcript_74_support_3_16_1.740423331931159e-156_30_(S_288_1);(S_290_1)_7	VCY1B|ENST00000250823	80.180	111	21	1	1	110	2	112	2.76e-51	152
transcript_74_support_5_18_0.0_18__18	CDY2B|ENST00000382867	82.734	139	24	0	1	139	32	170	1.26e-79	238
transcript_74_support_5_18_0.0_18__46	CDY1B|ENST00000382407	93.491	169	11	0	1	169	372	540	4.38e-116	333
transcript_74_support_5_18_0.0_18__33	CDY1B|ENST00000382407	88.500	200	23	0	1	200	171	370	2.25e-128	366
transcript_74_support_3_4_not_tested_4__17	XKRY|AF000997.1	54.412	136	54	3	73	205	19	149	5.18e-36	120
transcript_74_support_5_11_4.5688437429892613e-54_12_(I_1304_1)_28	HSFY2|ENST00000304790	92.879	323	20	1	7	329	82	401	0.0	617
transcript_75_support_4_6_5.042909810076389e-10_131_(S_73_1)_8	VCY1B|ENST00000250823	79.798	99	18	1	10	106	1	99	6.88e-42	129
transcript_75_support_3_3_not_tested_3__14	TSPY10|ENST00000428845	92.958	213	15	0	28	240	96	308	6.94e-153	421
transcript_75_support_3_3_3.579934423118291e-27_8_(S_11_1);(S_1019_1)_17	XKRY|AF000997.1	54.412	136	54	3	73	205	19	149	5.18e-36	120
transcript_75_support_4_1_0.00040216346521169423_12_(D_1304_1)_28	HSFY2|ENST00000304790	92.879	323	20	1	7	329	82	401	0.0	617
transcript_76_support_3_3_1.4359210165682007e-12_9_(S_195_1)_11	TSPY4|ENST00000426950	92.935	184	13	0	1	184	131	314	3.50e-133	369
transcript_77_support_2_4_4.3870775552394753e-07_42_(S_44_1)_8	VCY1B|ENST00000250823	80.357	112	21	1	10	120	1	112	9.38e-52	154
transcript_77_support_6_16_3.0677075853774623e-113_47_(S_745_1);(S_832_1)_30	HSFY2|ENST00000304790	92.574	404	27	1	16	419	1	401	0.0	771
transcript_78_support_3_7_not_tested_7__8	VCY1B|ENST00000250823	70.536	112	13	1	10	101	1	112	1.43e-42	130
transcript_78_support_7_9_4.687201287087393e-06_40_(I_1342_8)_30	HSFY2|ENST00000304790	92.574	404	27	1	16	419	1	401	0.0	771
transcript_79_support_3_2_7.193371496834225e-05_38_(S_140_1)_9	VCY1B|ENST00000250823	78.571	112	23	1	10	120	1	112	9.40e-50	149
transcript_7_support_9_9_not_tested_9__5	CDY2B|ENST00000382867	92.188	64	5	0	1	64	52	115	1.57e-36	121
transcript_7_support_4_15_0.0_15__6	VCY1B|ENST00000250823	86.111	72	10	0	1	72	41	112	1.95e-38	118
transcript_7_support_8_8_not_tested_8__6	DAZ3|ENST00000315357	74.336	113	23	1	1	113	260	366	5.04e-53	164
transcript_7_support_2_2_2.175209864509259e-05_40_(S_459_1)_7	VCY1B|ENST00000250823	79.464	112	22	1	10	120	1	112	2.47e-50	150
transcript_7_support_5_7_not_tested_7__13	DAZ3|ENST00000315357	72.826	92	19	1	16	107	261	346	3.47e-36	122
transcript_7_support_5_7_not_tested_7__13	DAZ3|ENST00000315357	73.750	80	15	1	16	95	213	286	6.22e-31	107
transcript_7_support_7_3_1.310282202137002e-15_6_(D_79_23);(D_80_23);(D_81_23);(S_381_1)_14	RBMY1B|ENST00000383020	59.477	153	53	3	14	162	332	479	2.16e-39	133
transcript_80_support_3_3_not_tested_3__10	TSPY2|ENST00000429039	89.412	85	9	0	9	93	137	221	2.55e-56	167
transcript_80_support_5_10_not_tested_10__6	VCY1B|ENST00000250823	64.286	112	19	2	10	100	1	112	7.57e-34	108
transcript_80_support_16_31_1.59238108759395e-33_40_(D_1342_8)_30	HSFY2|ENST00000304790	92.574	404	27	1	16	419	1	401	0.0	771
transcript_82_support_3_3_not_tested_3__11	XKRY|AF000997.1	66.279	86	29	0	73	158	19	104	8.91e-33	108
transcript_83_support_5_25_0.0_25__6	TSPY2|ENST00000429039	93.814	97	6	0	1	97	125	221	6.01e-68	197
transcript_83_support_6_7_1.607953237123933e-17_47_(S_429_1)_8	VCY1B|ENST00000250823	79.464	112	22	1	10	120	1	112	2.47e-50	150
transcript_83_support_3_5_not_tested_5__15	XKRY|AF000997.1	54.412	136	54	3	40	172	19	149	2.14e-36	120
transcript_83_support_4_6_not_tested_6__44	CDY1B|ENST00000382407	89.834	541	54	1	71	611	1	540	0.0	1012
transcript_84_support_3_1_4.050672063399123e-08_6_(I_78_21);(S_377_1)_14	RBMY1B|ENST00000383020	59.477	153	53	3	14	162	332	479	2.16e-39	133
transcript_84_support_12_12_1.0239651944111364e-31_45_(S_1075_1)_30	HSFY2|ENST00000304790	92.574	404	27	1	16	419	1	401	0.0	771
transcript_85_support_2_5_not_tested_5__14	DAZ4|ENST00000415508	81.646	158	29	0	1	158	39	196	2.90e-75	227
transcript_86_support_2_54_not_tested_54__4	TSPY2|ENST00000320701	90.909	55	5	0	1	55	254	308	1.40e-35	114
transcript_86_support_5_5_not_tested_5__12	RBMY1A1|ENST00000303902	88.235	102	12	0	17	118	1	102	2.60e-55	172
transcript_86_support_28_40_7.555924999496324e-120_47_(S_429_1)_8	VCY1B|ENST00000250823	79.464	112	22	1	10	120	1	112	2.47e-50	150
transcript_86_support_3_3_not_tested_3__10	TSPY9P|ENST00000440215	92.568	148	11	0	4	151	167	314	7.59e-107	301
transcript_8_support_2_16_0.0_16__5	HSFY2|ENST00000344884	92.857	56	4	0	3	58	1	56	2.43e-34	109
transcript_8_support_3_3_1.6200989705850178e-10_6_(S_26_1)_10	VCY1B|ENST00000250823	80.357	112	21	1	10	120	1	112	4.41e-52	155
transcript_8_support_3_3_not_tested_3__8	DAZ3|ENST00000315357	70.629	143	30	2	1	143	236	366	1.39e-61	187
transcript_8_support_3_3_not_tested_3__8	DAZ3|ENST00000315357	66.972	109	24	2	3	111	166	262	7.36e-36	120
transcript_90_support_4_4_not_tested_4__6	TSPY2|ENST00000429039	93.671	79	5	0	1	79	143	221	1.64e-55	164
transcript_90_support_2_5_2.2555688281085636e-11_13_(S_48_1)_11	VCY1B|ENST00000250823	80.357	112	21	1	10	120	1	112	4.41e-52	155
transcript_90_support_3_3_not_tested_3__19	HSFY2|ENST00000344884	91.279	172	15	0	16	187	1	172	6.47e-116	323
transcript_90_support_3_3_not_tested_3__46	HSFY2|ENST00000304790	93.133	233	13	1	1	233	172	401	4.10e-161	446
transcript_91_support_3_1_7.484498819769219e-10_8_(S_29_1);(S_44_1);(S_85_1)_8	VCY1B|ENST00000250823	76.768	99	21	1	10	106	1	99	2.13e-39	123
transcript_91_support_6_30_0.0_30__18	DAZ4|ENST00000415508	82.653	196	34	0	79	274	1	196	7.79e-92	274
transcript_92_support_4_6_2.0246984641624622e-50_9_(S_26_1);(S_106_1)_7	VCY1B|ENST00000250823	85.185	81	12	0	4	84	32	112	4.33e-43	130
transcript_92_support_5_44_0.0_44__8	TSPY10|ENST00000428845	93.913	115	7	0	1	115	194	308	3.72e-83	239
transcript_92_support_2_2_2.4128150575518376e-06_40_(S_86_1)_8	VCY1B|ENST00000250823	83.929	112	17	1	10	120	1	112	4.80e-49	147
transcript_92_support_3_3_not_tested_3__11	DAZ4|ENST00000415508	68.889	135	24	1	1	117	80	214	3.62e-45	145
transcript_92_support_9_25_4.0118842998211995e-87_37_(S_541_1)_30	HSFY2|ENST00000304790	92.574	404	27	1	16	419	1	401	0.0	771
transcript_93_support_5_8_not_tested_8__8	TSPY2|ENST00000429039	93.151	73	5	0	3	75	149	221	8.12e-51	152
transcript_93_support_3_4_not_tested_4__4	DAZ3|ENST00000315357	82.895	76	13	0	4	79	291	366	7.76e-41	130
transcript_94_support_5_3_1.1284110356329142e-13_22_(S_154_1)_8	RBMY1B|ENST00000383020	59.477	153	53	3	5	153	332	479	6.46e-40	134
transcript_95_support_7_8_not_tested_8__9	RBMY1B|ENST00000383020	59.477	153	53	3	14	162	332	479	2.16e-39	133
transcript_96_support_8_7_9.658582558392586e-31_11_(S_776_1)_12	XKRY|AF000997.1	52.308	130	54	3	1	127	25	149	5.76e-31	105
transcript_97_support_3_3_not_tested_3__9	TSPY4|ENST00000383008	70.588	119	12	3	1	96	28	146	5.72e-39	126
transcript_97_support_2_2_1.9276153343911294e-28_4_(S_178_1);(S_225_1);(S_408_1)_13	RBMY1A1|ENST00000303902	41.009	317	97	9	1	236	135	442	3.38e-41	140
transcript_97_support_3_3_not_tested_3__24	DAZ4|ENST00000415508	82.564	195	34	0	23	217	2	196	4.44e-91	270
transcript_97_support_3_4_8.803082942207812e-30_18_(S_707_1);(S_794_1);(D_1304_8)_28	HSFY2|ENST00000304790	92.574	404	27	1	8	411	1	401	0.0	770
transcript_98_support_3_18_0.0_18__33	CDY2B|ENST00000382867	86.364	66	9	0	8	73	306	371	1.41e-35	119
transcript_98_support_5_11_4.5023427158257464e-23_32_(S_184_1)_8	TSPY9P|ENST00000440215	92.248	129	10	0	1	129	186	314	1.09e-91	261
transcript_98_support_3_18_0.0_18__19	CDY2B|ENST00000382867	84.892	139	21	0	1	139	32	170	1.43e-81	243
transcript_98_support_3_18_0.0_18__28	CDY1B|ENST00000382407	88.235	136	16	0	1	136	171	306	2.00e-82	246
transcript_98_support_3_18_0.0_18__46	CDY1B|ENST00000382407	93.491	169	11	0	1	169	372	540	1.86e-115	332
transcript_98_support_15_22_2.2811062000455224e-107_33_(S_776_1)_12	XKRY|AF000997.1	52.308	130	54	3	1	127	25	149	5.76e-31	105
transcript_98_support_2_2_1.9276153343911294e-28_4_(S_178_1);(S_225_1);(S_408_1)_13	RBMY1J|ENST00000250831	59.477	153	53	3	88	236	332	479	1.32e-39	136
transcript_98_support_2_2_1.9276153343911294e-28_4_(S_178_1);(S_225_1);(S_408_1)_13	RBMY1J|ENST00000250831	60.317	126	49	1	1	126	135	259	4.58e-35	124
transcript_99_support_4_4_6.616821706475408e-17_11_(S_776_1)_12	XKRY|AF000997.1	52.308	130	54	3	1	127	25	149	5.76e-31	105
transcript_99_support_3_4_not_tested_4__17	TSPY10|ENST00000428845	83.274	281	26	2	1	260	28	308	2.22e-173	474
transcript_9_support_20_73_not_tested_73__5	RBMY1F|ENST00000454978	89.552	67	6	1	1	67	394	459	3.83e-36	119
transcript_9_support_2_1_3.7857387621144734e-14_5_(S_14_1);(S_346_1);(S_425_1)_8	VCY1B|ENST00000250823	88.525	61	7	0	5	65	52	112	3.10e-32	102
transcript_9_support_3_3_not_tested_3__6	DAZ3|ENST00000315357	73.874	111	23	1	5	115	262	366	3.41e-51	159
transcript_9_support_3_3_not_tested_3__18	DAZ3|ENST00000315357	73.333	90	18	1	43	132	263	346	7.57e-36	120
transcript_9_support_3_3_4.3357307312064224e-16_4_(I_1170_1)_16	RBMY1B|ENST00000619219	45.257	369	112	9	1	288	83	442	2.09e-62	198
