transcript_16_support_3_3_not_tested_3_	BPY2B|ENST00000615850	98.598	214	2	1	1	213	108	321	3.97e-106	377
transcript_212_support_3_8_not_tested_8_	CDY1B|ENST00000382407	98.339	1626	24	1	303	1928	1	1623	0.0	2850
transcript_141_support_3_3_4.2607850867430495e-09_4_(I,1,1)	CDY1B|ENST00000382407	98.278	1626	25	1	342	1967	1	1623	0.0	2844
transcript_21_support_3_1_0.002075404851984404_4_(D,4,1)	CDY1B|ENST00000382407	98.278	1626	25	1	338	1963	1	1623	0.0	2844
transcript_33_support_5_5_not_tested_5_	CDY1B|ENST00000306882	97.967	1672	26	2	306	1977	1	1664	0.0	2892
transcript_190_support_3_3_2.96664726626789e-63_10_(S,73,1);(S,248,1);(S,768,1);(S,1428,1);(S,1707,1);(S,2123,1)	CDY1B|ENST00000382407	98.278	1626	25	1	304	1929	1	1623	0.0	2844
transcript_58_support_6_5_4.029805393054856e-99_10_(S,75,1);(S,250,1);(S,770,1);(S,1430,1);(S,1709,1);(S,2125,1)	CDY1B|ENST00000382407	98.339	1626	24	1	302	1927	1	1623	0.0	2850
transcript_112_support_3_5_8.240945346675621e-18_12_(S,978,1);(S,1758,1)	CDY1B|ENST00000382407	98.214	1624	26	1	363	1986	1	1621	0.0	2835
transcript_22_support_3_1_3.005688414997444e-11_5_(S,124,1);(S,299,1);(I,1974,1)	CDY1B|ENST00000382407	98.335	1622	24	1	358	1979	1	1619	0.0	2843
transcript_34_support_3_4_7.918734611236932e-16_12_(S,988,1);(S,1768,1)	CDY1B|ENST00000382407	98.337	1624	24	1	353	1976	1	1621	0.0	2846
transcript_20_support_3_2_1.4884806582547718e-09_20_(S,949,1);(I,1946,1)	CDY1B|ENST00000382407	98.213	1623	26	1	338	1960	1	1620	0.0	2833
transcript_12_support_3_14_1.022191810407507e-39_21_(S,1418,1)	CDY1B|ENST00000382407	98.337	1624	24	1	341	1964	1	1621	0.0	2846
transcript_13_support_9_7_1.806420540888697e-18_21_(S,1418,1)	CDY1B|ENST00000382407	98.276	1624	25	1	341	1964	1	1621	0.0	2841
transcript_91_support_5_2_2.46744663775966e-06_19_(I,1926,1)	CDY1B|ENST00000382407	98.213	1623	26	1	320	1942	1	1620	0.0	2833
transcript_96_support_2_2_6.099726397019788e-05_23_(S,1401,1);(I,1450,1)	CDY1B|ENST00000382407	98.277	1625	24	2	324	1948	1	1621	0.0	2843
transcript_101_support_3_6_6.594352689419913e-12_20_(S,963,1);(D,1960,2);(D,1961,2)	CDY1B|ENST00000382407	98.276	1624	25	1	324	1947	1	1621	0.0	2841
transcript_99_support_7_29_0.0_29_	CDY1B|ENST00000382407	98.276	1624	25	1	324	1947	1	1621	0.0	2841
transcript_86_support_2_7_2.3625294833841742e-07_12_(S,770,1)	CDY1B|ENST00000382407	98.216	1626	26	1	311	1936	1	1623	0.0	2839
transcript_76_support_2_2_0.0005305765238134217_4_(S,1,1)	CDY1B|ENST00000382407	98.278	1626	25	1	305	1930	1	1623	0.0	2844
transcript_197_support_2_2_1.1879342680024957e-05_4_(S,2,1)	CDY1B|ENST00000382407	98.278	1626	25	1	304	1929	1	1623	0.0	2844
transcript_187_support_3_2_2.0593758775799515e-11_27_(S,1709,1);(I,1926,1)	CDY1B|ENST00000382407	98.275	1623	25	1	304	1926	1	1620	0.0	2839
transcript_60_support_7_4_2.7613584428782607e-06_8_(I,2,1)	CDY1B|ENST00000382407	98.341	1627	23	2	300	1926	1	1623	0.0	2852
transcript_40_support_3_4_3.958806412082365e-08_8_(D,2,1)	CDY1B|ENST00000382407	98.341	1627	23	2	299	1925	1	1623	0.0	2852
transcript_179_support_3_4_6.555566907104594e-05_32_(I,75,1)	CDY1B|ENST00000382407	98.214	1624	26	1	305	1928	1	1621	0.0	2835
transcript_175_support_4_17_1.8578129770601878e-35_45_(S,1380,1)	CDY1B|ENST00000382407	98.276	1624	25	1	304	1927	1	1621	0.0	2841
transcript_184_support_18_17_1.6247649219646206e-19_19_(D,1942,2);(D,1943,2)	CDY1B|ENST00000382407	98.214	1624	26	1	304	1927	1	1621	0.0	2835
transcript_189_support_8_16_4.2985232854217485e-32_28_(S,1709,1)	CDY1B|ENST00000382407	98.276	1624	25	1	304	1927	1	1621	0.0	2841
transcript_191_support_8_3_5.213512971915297e-11_11_(S,929,1);(D,1926,2);(D,1927,2)	CDY1B|ENST00000382407	98.337	1624	24	1	304	1927	1	1621	0.0	2846
transcript_196_support_3_5_9.345890520949074e-05_12_(S,777,1)	CDY1B|ENST00000382407	98.276	1624	25	1	304	1927	1	1621	0.0	2841
transcript_198_support_7_4_2.4421376969316004e-12_17_(S,250,1);(S,770,1)	CDY1B|ENST00000382407	98.213	1623	26	1	304	1926	1	1620	0.0	2833
transcript_211_support_12_28_1.3469018852885217e-55_45_(S,1381,1)	CDY1B|ENST00000382407	98.337	1624	24	1	303	1926	1	1621	0.0	2846
transcript_164_support_4_45_0.0_45_	CDY1B|ENST00000382407	98.276	1624	25	1	286	1909	1	1621	0.0	2841
transcript_133_support_3_8_not_tested_8_	CDY1B|ENST00000382407	98.214	1624	26	1	170	1793	1	1621	0.0	2835
transcript_205_support_4_10_not_tested_10_	CDY1B|ENST00000382407	98.214	1624	26	1	106	1729	1	1621	0.0	2835
transcript_202_support_5_3_4.0797244410956656e-11_9_(S,576,1)	CDY1B|ENST00000382407	98.158	1574	26	1	1	1574	51	1621	0.0	2743
transcript_203_support_5_6_2.8235747871094325e-21_9_(S,576,1)	CDY1B|ENST00000382407	98.221	1574	25	1	1	1574	51	1621	0.0	2748
transcript_204_support_4_2_5.477155660807792e-20_9_(S,417,1);(S,1077,1);(S,1356,1)	CDY1B|ENST00000382407	98.284	1573	24	1	1	1573	51	1620	0.0	2752
transcript_114_support_7_11_not_tested_11_	CDY1B|ENST00000382407	98.239	1533	24	1	1	1533	92	1621	0.0	2678
transcript_124_support_10_21_not_tested_21_	CDY1B|ENST00000382407	98.228	1467	23	1	1	1467	158	1621	0.0	2562
transcript_52_support_3_8_not_tested_8_	CDY1B|ENST00000382407	98.170	1421	23	1	1	1421	202	1619	0.0	2477
transcript_144_support_4_9_not_tested_9_	CDY1B|ENST00000382407	98.336	1382	19	2	1	1382	242	1619	0.0	2422
transcript_176_support_3_8_not_tested_8_	CDY1B|ENST00000382407	98.248	913	13	1	304	1216	1	910	0.0	1594
transcript_19_support_3_5_not_tested_5_	DAZ4|ENST00000440066	95.792	404	17	0	2	405	994	1397	0.0	652
transcript_19_support_3_5_not_tested_5_	DAZ4|ENST00000440066	93.243	370	25	0	1	370	849	1218	7.49e-157	545
transcript_19_support_3_5_not_tested_5_	DAZ4|ENST00000440066	92.954	369	26	0	2	370	922	1290	1.25e-154	538
transcript_19_support_3_5_not_tested_5_	DAZ4|ENST00000440066	91.892	370	30	0	1	370	705	1074	1.63e-148	518
transcript_19_support_3_5_not_tested_5_	DAZ4|ENST00000440066	91.870	369	30	0	2	370	778	1146	5.88e-148	516
transcript_19_support_3_5_not_tested_5_	DAZ4|ENST00000440066	91.622	370	31	0	1	370	633	1002	7.60e-147	512
transcript_19_support_3_5_not_tested_5_	DAZ4|ENST00000440066	94.613	297	16	0	2	298	1066	1362	2.79e-131	460
transcript_19_support_3_5_not_tested_5_	DAZ4|ENST00000440066	88.919	370	41	0	1	370	561	930	3.61e-130	457
transcript_19_support_3_5_not_tested_5_	DAZ4|ENST00000440066	87.945	365	42	2	7	370	495	858	7.87e-122	429
transcript_19_support_3_5_not_tested_5_	DAZ4|ENST00000440066	87.031	293	36	2	79	370	495	786	8.22e-92	329
transcript_19_support_3_5_not_tested_5_	DAZ4|ENST00000440066	92.444	225	17	0	2	226	1138	1362	1.37e-89	322
transcript_19_support_3_5_not_tested_5_	DAZ4|ENST00000440066	92.857	154	11	0	1	154	1209	1362	3.99e-60	224
transcript_19_support_3_5_not_tested_5_	DAZ4|ENST00000440066	95.122	82	4	0	1	82	1281	1362	8.94e-32	130
transcript_161_support_3_3_not_tested_3_	DAZ4|ENST00000440066	95.688	1461	63	0	306	1766	1	1461	0.0	2350
transcript_161_support_3_3_not_tested_3_	DAZ4|ENST00000440066	95.352	796	37	0	800	1595	567	1362	0.0	1266
transcript_161_support_3_3_not_tested_3_	DAZ4|ENST00000440066	92.472	797	58	2	872	1667	495	1290	0.0	1138
transcript_161_support_3_3_not_tested_3_	DAZ4|ENST00000440066	95.218	711	32	2	814	1523	653	1362	0.0	1123
transcript_161_support_3_3_not_tested_3_	DAZ4|ENST00000440066	92.276	725	54	2	944	1667	495	1218	0.0	1027
transcript_161_support_3_3_not_tested_3_	DAZ4|ENST00000440066	95.092	652	32	0	800	1451	711	1362	0.0	1027
transcript_161_support_3_3_not_tested_3_	DAZ4|ENST00000440066	91.730	653	52	2	1016	1667	495	1146	0.0	905
transcript_161_support_3_3_not_tested_3_	DAZ4|ENST00000440066	95.230	566	27	0	814	1379	797	1362	0.0	896
transcript_161_support_3_3_not_tested_3_	DAZ4|ENST00000440066	91.394	581	48	2	1088	1667	495	1074	0.0	795
transcript_161_support_3_3_not_tested_3_	DAZ4|ENST00000440066	94.488	508	28	0	800	1307	855	1362	0.0	784
transcript_161_support_3_3_not_tested_3_	DAZ4|ENST00000440066	91.356	509	42	2	1160	1667	495	1002	0.0	695
transcript_161_support_3_3_not_tested_3_	DAZ4|ENST00000440066	94.037	436	26	0	800	1235	927	1362	0.0	662
transcript_161_support_3_3_not_tested_3_	DAZ4|ENST00000440066	94.505	364	20	0	800	1163	999	1362	4.20e-161	562
transcript_161_support_3_3_not_tested_3_	DAZ4|ENST00000440066	89.474	437	44	2	1232	1667	495	930	9.08e-158	551
transcript_161_support_3_3_not_tested_3_	DAZ4|ENST00000440066	95.890	292	12	0	800	1091	1071	1362	2.02e-134	473
transcript_161_support_3_3_not_tested_3_	DAZ4|ENST00000440066	89.041	365	38	2	1304	1667	495	858	9.47e-128	451
transcript_161_support_3_3_not_tested_3_	DAZ4|ENST00000440066	88.396	293	32	2	1376	1667	495	786	9.89e-98	351
transcript_161_support_3_3_not_tested_3_	DAZ4|ENST00000440066	93.636	220	14	0	800	1019	1143	1362	4.63e-91	329
transcript_161_support_3_3_not_tested_3_	DAZ4|ENST00000440066	90.541	148	14	0	800	947	1215	1362	4.90e-51	196
transcript_138_support_3_7_not_tested_7_	DAZ4|ENST00000440066	95.756	1461	62	0	272	1732	1	1461	0.0	2355
transcript_138_support_3_7_not_tested_7_	DAZ4|ENST00000440066	95.477	796	36	0	766	1561	567	1362	0.0	1271
transcript_138_support_3_7_not_tested_7_	DAZ4|ENST00000440066	92.597	797	57	2	838	1633	495	1290	0.0	1144
transcript_138_support_3_7_not_tested_7_	DAZ4|ENST00000440066	95.218	711	32	2	780	1489	653	1362	0.0	1123
transcript_138_support_3_7_not_tested_7_	DAZ4|ENST00000440066	92.414	725	53	2	910	1633	495	1218	0.0	1033
transcript_138_support_3_7_not_tested_7_	DAZ4|ENST00000440066	95.092	652	32	0	766	1417	711	1362	0.0	1027
transcript_138_support_3_7_not_tested_7_	DAZ4|ENST00000440066	91.884	653	51	2	982	1633	495	1146	0.0	911
transcript_138_support_3_7_not_tested_7_	DAZ4|ENST00000440066	95.230	566	27	0	780	1345	797	1362	0.0	896
transcript_138_support_3_7_not_tested_7_	DAZ4|ENST00000440066	91.566	581	47	2	1054	1633	495	1074	0.0	800
transcript_138_support_3_7_not_tested_7_	DAZ4|ENST00000440066	94.488	508	28	0	766	1273	855	1362	0.0	784
transcript_138_support_3_7_not_tested_7_	DAZ4|ENST00000440066	91.552	509	41	2	1126	1633	495	1002	0.0	701
transcript_138_support_3_7_not_tested_7_	DAZ4|ENST00000440066	94.037	436	26	0	766	1201	927	1362	0.0	662
transcript_138_support_3_7_not_tested_7_	DAZ4|ENST00000440066	94.505	364	20	0	766	1129	999	1362	4.16e-161	562
transcript_138_support_3_7_not_tested_7_	DAZ4|ENST00000440066	89.703	437	43	2	1198	1633	495	930	1.93e-159	556
transcript_138_support_3_7_not_tested_7_	DAZ4|ENST00000440066	95.890	292	12	0	766	1057	1071	1362	2.00e-134	473
transcript_138_support_3_7_not_tested_7_	DAZ4|ENST00000440066	89.315	365	37	2	1270	1633	495	858	2.02e-129	457
transcript_138_support_3_7_not_tested_7_	DAZ4|ENST00000440066	88.737	293	31	2	1342	1633	495	786	2.10e-99	357
transcript_138_support_3_7_not_tested_7_	DAZ4|ENST00000440066	93.636	220	14	0	766	985	1143	1362	4.59e-91	329
transcript_138_support_3_7_not_tested_7_	DAZ4|ENST00000440066	90.541	148	14	0	766	913	1215	1362	4.86e-51	196
transcript_104_support_3_5_2.6839998732346057e-09_11_(S,3171,1)	DAZ4|ENST00000440066	95.756	1461	62	0	232	1692	1	1461	0.0	2355
transcript_104_support_3_5_2.6839998732346057e-09_11_(S,3171,1)	DAZ4|ENST00000440066	95.477	796	36	0	726	1521	567	1362	0.0	1271
transcript_104_support_3_5_2.6839998732346057e-09_11_(S,3171,1)	DAZ4|ENST00000440066	92.597	797	57	2	798	1593	495	1290	0.0	1144
transcript_104_support_3_5_2.6839998732346057e-09_11_(S,3171,1)	DAZ4|ENST00000440066	95.218	711	32	2	740	1449	653	1362	0.0	1123
transcript_104_support_3_5_2.6839998732346057e-09_11_(S,3171,1)	DAZ4|ENST00000440066	92.414	725	53	2	870	1593	495	1218	0.0	1033
transcript_104_support_3_5_2.6839998732346057e-09_11_(S,3171,1)	DAZ4|ENST00000440066	95.092	652	32	0	726	1377	711	1362	0.0	1027
transcript_104_support_3_5_2.6839998732346057e-09_11_(S,3171,1)	DAZ4|ENST00000440066	91.884	653	51	2	942	1593	495	1146	0.0	911
transcript_104_support_3_5_2.6839998732346057e-09_11_(S,3171,1)	DAZ4|ENST00000440066	95.230	566	27	0	740	1305	797	1362	0.0	896
transcript_104_support_3_5_2.6839998732346057e-09_11_(S,3171,1)	DAZ4|ENST00000440066	91.566	581	47	2	1014	1593	495	1074	0.0	800
transcript_104_support_3_5_2.6839998732346057e-09_11_(S,3171,1)	DAZ4|ENST00000440066	94.488	508	28	0	726	1233	855	1362	0.0	784
transcript_104_support_3_5_2.6839998732346057e-09_11_(S,3171,1)	DAZ4|ENST00000440066	91.552	509	41	2	1086	1593	495	1002	0.0	701
transcript_104_support_3_5_2.6839998732346057e-09_11_(S,3171,1)	DAZ4|ENST00000440066	94.037	436	26	0	726	1161	927	1362	0.0	662
transcript_104_support_3_5_2.6839998732346057e-09_11_(S,3171,1)	DAZ4|ENST00000440066	94.505	364	20	0	726	1089	999	1362	4.11e-161	562
transcript_104_support_3_5_2.6839998732346057e-09_11_(S,3171,1)	DAZ4|ENST00000440066	89.703	437	43	2	1158	1593	495	930	1.91e-159	556
transcript_104_support_3_5_2.6839998732346057e-09_11_(S,3171,1)	DAZ4|ENST00000440066	95.890	292	12	0	726	1017	1071	1362	1.98e-134	473
transcript_104_support_3_5_2.6839998732346057e-09_11_(S,3171,1)	DAZ4|ENST00000440066	89.315	365	37	2	1230	1593	495	858	2.00e-129	457
transcript_104_support_3_5_2.6839998732346057e-09_11_(S,3171,1)	DAZ4|ENST00000440066	88.737	293	31	2	1302	1593	495	786	2.08e-99	357
transcript_104_support_3_5_2.6839998732346057e-09_11_(S,3171,1)	DAZ4|ENST00000440066	93.636	220	14	0	726	945	1143	1362	4.54e-91	329
transcript_104_support_3_5_2.6839998732346057e-09_11_(S,3171,1)	DAZ4|ENST00000440066	90.541	148	14	0	726	873	1215	1362	4.81e-51	196
transcript_135_support_5_18_3.6849457794849475e-45_22_(S,3210,1)	DAZ4|ENST00000440066	95.756	1461	62	0	230	1690	1	1461	0.0	2355
transcript_135_support_5_18_3.6849457794849475e-45_22_(S,3210,1)	DAZ4|ENST00000440066	95.477	796	36	0	724	1519	567	1362	0.0	1271
transcript_135_support_5_18_3.6849457794849475e-45_22_(S,3210,1)	DAZ4|ENST00000440066	92.597	797	57	2	796	1591	495	1290	0.0	1144
transcript_135_support_5_18_3.6849457794849475e-45_22_(S,3210,1)	DAZ4|ENST00000440066	95.218	711	32	2	738	1447	653	1362	0.0	1123
transcript_135_support_5_18_3.6849457794849475e-45_22_(S,3210,1)	DAZ4|ENST00000440066	92.414	725	53	2	868	1591	495	1218	0.0	1033
transcript_135_support_5_18_3.6849457794849475e-45_22_(S,3210,1)	DAZ4|ENST00000440066	95.092	652	32	0	724	1375	711	1362	0.0	1027
transcript_135_support_5_18_3.6849457794849475e-45_22_(S,3210,1)	DAZ4|ENST00000440066	91.884	653	51	2	940	1591	495	1146	0.0	911
transcript_135_support_5_18_3.6849457794849475e-45_22_(S,3210,1)	DAZ4|ENST00000440066	95.230	566	27	0	738	1303	797	1362	0.0	896
transcript_135_support_5_18_3.6849457794849475e-45_22_(S,3210,1)	DAZ4|ENST00000440066	91.566	581	47	2	1012	1591	495	1074	0.0	800
transcript_135_support_5_18_3.6849457794849475e-45_22_(S,3210,1)	DAZ4|ENST00000440066	94.488	508	28	0	724	1231	855	1362	0.0	784
transcript_135_support_5_18_3.6849457794849475e-45_22_(S,3210,1)	DAZ4|ENST00000440066	91.552	509	41	2	1084	1591	495	1002	0.0	701
transcript_135_support_5_18_3.6849457794849475e-45_22_(S,3210,1)	DAZ4|ENST00000440066	94.037	436	26	0	724	1159	927	1362	0.0	662
transcript_135_support_5_18_3.6849457794849475e-45_22_(S,3210,1)	DAZ4|ENST00000440066	94.505	364	20	0	724	1087	999	1362	4.11e-161	562
transcript_135_support_5_18_3.6849457794849475e-45_22_(S,3210,1)	DAZ4|ENST00000440066	89.703	437	43	2	1156	1591	495	930	1.91e-159	556
transcript_135_support_5_18_3.6849457794849475e-45_22_(S,3210,1)	DAZ4|ENST00000440066	95.890	292	12	0	724	1015	1071	1362	1.98e-134	473
transcript_135_support_5_18_3.6849457794849475e-45_22_(S,3210,1)	DAZ4|ENST00000440066	89.315	365	37	2	1228	1591	495	858	2.00e-129	457
transcript_135_support_5_18_3.6849457794849475e-45_22_(S,3210,1)	DAZ4|ENST00000440066	88.737	293	31	2	1300	1591	495	786	2.08e-99	357
transcript_135_support_5_18_3.6849457794849475e-45_22_(S,3210,1)	DAZ4|ENST00000440066	93.636	220	14	0	724	943	1143	1362	4.54e-91	329
transcript_135_support_5_18_3.6849457794849475e-45_22_(S,3210,1)	DAZ4|ENST00000440066	90.541	148	14	0	724	871	1215	1362	4.80e-51	196
transcript_60_support_2_4_1.3046645888178625e-06_22_(S,3211,1)	DAZ4|ENST00000440066	95.756	1461	62	0	229	1689	1	1461	0.0	2355
transcript_60_support_2_4_1.3046645888178625e-06_22_(S,3211,1)	DAZ4|ENST00000440066	95.477	796	36	0	723	1518	567	1362	0.0	1271
transcript_60_support_2_4_1.3046645888178625e-06_22_(S,3211,1)	DAZ4|ENST00000440066	92.597	797	57	2	795	1590	495	1290	0.0	1144
transcript_60_support_2_4_1.3046645888178625e-06_22_(S,3211,1)	DAZ4|ENST00000440066	95.218	711	32	2	737	1446	653	1362	0.0	1123
transcript_60_support_2_4_1.3046645888178625e-06_22_(S,3211,1)	DAZ4|ENST00000440066	92.414	725	53	2	867	1590	495	1218	0.0	1033
transcript_60_support_2_4_1.3046645888178625e-06_22_(S,3211,1)	DAZ4|ENST00000440066	95.092	652	32	0	723	1374	711	1362	0.0	1027
transcript_60_support_2_4_1.3046645888178625e-06_22_(S,3211,1)	DAZ4|ENST00000440066	91.884	653	51	2	939	1590	495	1146	0.0	911
transcript_60_support_2_4_1.3046645888178625e-06_22_(S,3211,1)	DAZ4|ENST00000440066	95.230	566	27	0	737	1302	797	1362	0.0	896
transcript_60_support_2_4_1.3046645888178625e-06_22_(S,3211,1)	DAZ4|ENST00000440066	91.566	581	47	2	1011	1590	495	1074	0.0	800
transcript_60_support_2_4_1.3046645888178625e-06_22_(S,3211,1)	DAZ4|ENST00000440066	94.488	508	28	0	723	1230	855	1362	0.0	784
transcript_60_support_2_4_1.3046645888178625e-06_22_(S,3211,1)	DAZ4|ENST00000440066	91.552	509	41	2	1083	1590	495	1002	0.0	701
transcript_60_support_2_4_1.3046645888178625e-06_22_(S,3211,1)	DAZ4|ENST00000440066	94.037	436	26	0	723	1158	927	1362	0.0	662
transcript_60_support_2_4_1.3046645888178625e-06_22_(S,3211,1)	DAZ4|ENST00000440066	94.505	364	20	0	723	1086	999	1362	4.11e-161	562
transcript_60_support_2_4_1.3046645888178625e-06_22_(S,3211,1)	DAZ4|ENST00000440066	89.703	437	43	2	1155	1590	495	930	1.91e-159	556
transcript_60_support_2_4_1.3046645888178625e-06_22_(S,3211,1)	DAZ4|ENST00000440066	95.890	292	12	0	723	1014	1071	1362	1.98e-134	473
transcript_60_support_2_4_1.3046645888178625e-06_22_(S,3211,1)	DAZ4|ENST00000440066	89.315	365	37	2	1227	1590	495	858	1.99e-129	457
transcript_60_support_2_4_1.3046645888178625e-06_22_(S,3211,1)	DAZ4|ENST00000440066	88.737	293	31	2	1299	1590	495	786	2.08e-99	357
transcript_60_support_2_4_1.3046645888178625e-06_22_(S,3211,1)	DAZ4|ENST00000440066	93.636	220	14	0	723	942	1143	1362	4.54e-91	329
transcript_60_support_2_4_1.3046645888178625e-06_22_(S,3211,1)	DAZ4|ENST00000440066	90.541	148	14	0	723	870	1215	1362	4.80e-51	196
transcript_73_support_2_1_3.372486949703882e-08_3_(S,3171,1);(I,3210,1);(D,3653,1)	DAZ4|ENST00000440066	95.756	1461	62	0	209	1669	1	1461	0.0	2355
transcript_73_support_2_1_3.372486949703882e-08_3_(S,3171,1);(I,3210,1);(D,3653,1)	DAZ4|ENST00000440066	95.477	796	36	0	703	1498	567	1362	0.0	1271
transcript_73_support_2_1_3.372486949703882e-08_3_(S,3171,1);(I,3210,1);(D,3653,1)	DAZ4|ENST00000440066	92.597	797	57	2	775	1570	495	1290	0.0	1144
transcript_73_support_2_1_3.372486949703882e-08_3_(S,3171,1);(I,3210,1);(D,3653,1)	DAZ4|ENST00000440066	95.218	711	32	2	717	1426	653	1362	0.0	1123
transcript_73_support_2_1_3.372486949703882e-08_3_(S,3171,1);(I,3210,1);(D,3653,1)	DAZ4|ENST00000440066	92.414	725	53	2	847	1570	495	1218	0.0	1033
transcript_73_support_2_1_3.372486949703882e-08_3_(S,3171,1);(I,3210,1);(D,3653,1)	DAZ4|ENST00000440066	95.092	652	32	0	703	1354	711	1362	0.0	1027
transcript_73_support_2_1_3.372486949703882e-08_3_(S,3171,1);(I,3210,1);(D,3653,1)	DAZ4|ENST00000440066	91.884	653	51	2	919	1570	495	1146	0.0	911
transcript_73_support_2_1_3.372486949703882e-08_3_(S,3171,1);(I,3210,1);(D,3653,1)	DAZ4|ENST00000440066	95.230	566	27	0	717	1282	797	1362	0.0	896
transcript_73_support_2_1_3.372486949703882e-08_3_(S,3171,1);(I,3210,1);(D,3653,1)	DAZ4|ENST00000440066	91.566	581	47	2	991	1570	495	1074	0.0	800
transcript_73_support_2_1_3.372486949703882e-08_3_(S,3171,1);(I,3210,1);(D,3653,1)	DAZ4|ENST00000440066	94.488	508	28	0	703	1210	855	1362	0.0	784
transcript_73_support_2_1_3.372486949703882e-08_3_(S,3171,1);(I,3210,1);(D,3653,1)	DAZ4|ENST00000440066	91.552	509	41	2	1063	1570	495	1002	0.0	701
transcript_73_support_2_1_3.372486949703882e-08_3_(S,3171,1);(I,3210,1);(D,3653,1)	DAZ4|ENST00000440066	94.037	436	26	0	703	1138	927	1362	0.0	662
transcript_73_support_2_1_3.372486949703882e-08_3_(S,3171,1);(I,3210,1);(D,3653,1)	DAZ4|ENST00000440066	94.505	364	20	0	703	1066	999	1362	4.09e-161	562
transcript_73_support_2_1_3.372486949703882e-08_3_(S,3171,1);(I,3210,1);(D,3653,1)	DAZ4|ENST00000440066	89.703	437	43	2	1135	1570	495	930	1.90e-159	556
transcript_73_support_2_1_3.372486949703882e-08_3_(S,3171,1);(I,3210,1);(D,3653,1)	DAZ4|ENST00000440066	95.890	292	12	0	703	994	1071	1362	1.97e-134	473
transcript_73_support_2_1_3.372486949703882e-08_3_(S,3171,1);(I,3210,1);(D,3653,1)	DAZ4|ENST00000440066	89.315	365	37	2	1207	1570	495	858	1.98e-129	457
transcript_73_support_2_1_3.372486949703882e-08_3_(S,3171,1);(I,3210,1);(D,3653,1)	DAZ4|ENST00000440066	88.737	293	31	2	1279	1570	495	786	2.07e-99	357
transcript_73_support_2_1_3.372486949703882e-08_3_(S,3171,1);(I,3210,1);(D,3653,1)	DAZ4|ENST00000440066	93.636	220	14	0	703	922	1143	1362	4.51e-91	329
transcript_73_support_2_1_3.372486949703882e-08_3_(S,3171,1);(I,3210,1);(D,3653,1)	DAZ4|ENST00000440066	90.541	148	14	0	703	850	1215	1362	4.77e-51	196
transcript_45_support_3_2_not_tested_2_	DAZ2|ENST00000382433	95.116	1290	63	0	231	1520	1	1290	0.0	2034
transcript_45_support_3_2_not_tested_2_	DAZ2|ENST00000382433	96.254	881	33	0	739	1619	797	1677	0.0	1445
transcript_45_support_3_2_not_tested_2_	DAZ2|ENST00000382433	95.101	796	39	0	725	1520	567	1362	0.0	1254
transcript_45_support_3_2_not_tested_2_	DAZ2|ENST00000382433	94.975	796	40	0	725	1520	711	1506	0.0	1249
transcript_45_support_3_2_not_tested_2_	DAZ2|ENST00000382433	95.402	783	34	2	739	1520	653	1434	0.0	1245
transcript_45_support_3_2_not_tested_2_	DAZ2|ENST00000382433	94.751	724	38	0	725	1448	855	1578	0.0	1127
transcript_45_support_3_2_not_tested_2_	DAZ2|ENST00000382433	92.265	724	56	0	797	1520	495	1218	0.0	1027
transcript_45_support_3_2_not_tested_2_	DAZ2|ENST00000382433	95.092	652	32	0	725	1376	927	1578	0.0	1027
transcript_45_support_3_2_not_tested_2_	DAZ2|ENST00000382433	96.034	580	23	0	725	1304	999	1578	0.0	944
transcript_45_support_3_2_not_tested_2_	DAZ2|ENST00000382433	92.025	652	52	0	869	1520	495	1146	0.0	917
transcript_45_support_3_2_not_tested_2_	DAZ2|ENST00000382433	95.866	508	21	0	725	1232	1071	1578	0.0	822
transcript_45_support_3_2_not_tested_2_	DAZ2|ENST00000382433	91.724	580	48	0	941	1520	495	1074	0.0	806
transcript_45_support_3_2_not_tested_2_	DAZ2|ENST00000382433	96.101	436	17	0	725	1160	1143	1578	0.0	712
transcript_45_support_3_2_not_tested_2_	DAZ2|ENST00000382433	91.732	508	42	0	1013	1520	495	1002	0.0	706
transcript_45_support_3_2_not_tested_2_	DAZ2|ENST00000382433	96.154	364	14	0	725	1088	1215	1578	3.97e-171	595
transcript_45_support_3_2_not_tested_2_	DAZ2|ENST00000382433	89.908	436	44	0	1085	1520	495	930	4.03e-161	562
transcript_45_support_3_2_not_tested_2_	DAZ2|ENST00000382433	96.233	292	11	0	725	1016	1287	1578	4.17e-136	479
transcript_45_support_3_2_not_tested_2_	DAZ2|ENST00000382433	89.560	364	38	0	1157	1520	495	858	4.20e-131	462
transcript_45_support_3_2_not_tested_2_	DAZ2|ENST00000382433	88.699	292	33	0	1229	1520	495	786	2.04e-99	357
transcript_45_support_3_2_not_tested_2_	DAZ2|ENST00000382433	93.636	220	14	0	725	944	1359	1578	4.45e-91	329
transcript_45_support_3_2_not_tested_2_	DAZ2|ENST00000382433	90.541	148	14	0	725	872	1431	1578	4.71e-51	196
transcript_119_support_3_3_not_tested_3_	DAZ3|ENST00000315357	96.004	1101	44	0	328	1428	1	1101	0.0	1790
transcript_119_support_3_3_not_tested_3_	DAZ3|ENST00000315357	95.413	436	20	0	822	1257	567	1002	0.0	695
transcript_119_support_3_3_not_tested_3_	DAZ3|ENST00000315357	91.991	437	33	2	894	1329	495	930	3.73e-176	612
transcript_119_support_3_3_not_tested_3_	DAZ3|ENST00000315357	94.872	351	16	2	836	1185	653	1002	1.07e-156	547
transcript_119_support_3_3_not_tested_3_	DAZ3|ENST00000315357	91.781	365	28	2	966	1329	495	858	1.81e-144	507
transcript_119_support_3_3_not_tested_3_	DAZ3|ENST00000315357	93.836	292	18	0	822	1113	711	1002	1.86e-124	440
transcript_119_support_3_3_not_tested_3_	DAZ3|ENST00000315357	89.420	293	29	2	1038	1329	495	786	8.92e-103	368
transcript_119_support_3_3_not_tested_3_	DAZ3|ENST00000315357	91.818	220	18	0	822	1041	783	1002	1.97e-84	307
transcript_119_support_3_3_not_tested_3_	DAZ3|ENST00000315357	89.865	148	15	0	822	969	855	1002	2.07e-49	191
transcript_25_support_3_1_8.558197124531126e-05_4_(S,2864,1)	DAZ3|ENST00000315357	96.004	1101	44	0	253	1353	1	1101	0.0	1790
transcript_25_support_3_1_8.558197124531126e-05_4_(S,2864,1)	DAZ3|ENST00000315357	95.413	436	20	0	747	1182	567	1002	0.0	695
transcript_25_support_3_1_8.558197124531126e-05_4_(S,2864,1)	DAZ3|ENST00000315357	91.991	437	33	2	819	1254	495	930	3.65e-176	612
transcript_25_support_3_1_8.558197124531126e-05_4_(S,2864,1)	DAZ3|ENST00000315357	94.872	351	16	2	761	1110	653	1002	1.04e-156	547
transcript_25_support_3_1_8.558197124531126e-05_4_(S,2864,1)	DAZ3|ENST00000315357	91.781	365	28	2	891	1254	495	858	1.77e-144	507
transcript_25_support_3_1_8.558197124531126e-05_4_(S,2864,1)	DAZ3|ENST00000315357	93.836	292	18	0	747	1038	711	1002	1.82e-124	440
transcript_25_support_3_1_8.558197124531126e-05_4_(S,2864,1)	DAZ3|ENST00000315357	89.420	293	29	2	963	1254	495	786	8.72e-103	368
transcript_25_support_3_1_8.558197124531126e-05_4_(S,2864,1)	DAZ3|ENST00000315357	91.818	220	18	0	747	966	783	1002	1.93e-84	307
transcript_25_support_3_1_8.558197124531126e-05_4_(S,2864,1)	DAZ3|ENST00000315357	89.865	148	15	0	747	894	855	1002	2.03e-49	191
transcript_134_support_2_3_5.146073246543249e-10_13_(S,2852,1)	DAZ3|ENST00000315357	96.004	1101	44	0	243	1343	1	1101	0.0	1790
transcript_134_support_2_3_5.146073246543249e-10_13_(S,2852,1)	DAZ3|ENST00000315357	95.413	436	20	0	737	1172	567	1002	0.0	695
transcript_134_support_2_3_5.146073246543249e-10_13_(S,2852,1)	DAZ3|ENST00000315357	91.991	437	33	2	809	1244	495	930	3.64e-176	612
transcript_134_support_2_3_5.146073246543249e-10_13_(S,2852,1)	DAZ3|ENST00000315357	94.872	351	16	2	751	1100	653	1002	1.04e-156	547
transcript_134_support_2_3_5.146073246543249e-10_13_(S,2852,1)	DAZ3|ENST00000315357	91.781	365	28	2	881	1244	495	858	1.77e-144	507
transcript_134_support_2_3_5.146073246543249e-10_13_(S,2852,1)	DAZ3|ENST00000315357	93.836	292	18	0	737	1028	711	1002	1.82e-124	440
transcript_134_support_2_3_5.146073246543249e-10_13_(S,2852,1)	DAZ3|ENST00000315357	89.420	293	29	2	953	1244	495	786	8.70e-103	368
transcript_134_support_2_3_5.146073246543249e-10_13_(S,2852,1)	DAZ3|ENST00000315357	91.818	220	18	0	737	956	783	1002	1.92e-84	307
transcript_134_support_2_3_5.146073246543249e-10_13_(S,2852,1)	DAZ3|ENST00000315357	89.865	148	15	0	737	884	855	1002	2.02e-49	191
transcript_47_support_7_10_5.159797296570755e-33_13_(S,2864,1)	DAZ3|ENST00000315357	96.004	1101	44	0	231	1331	1	1101	0.0	1790
transcript_47_support_7_10_5.159797296570755e-33_13_(S,2864,1)	DAZ3|ENST00000315357	95.413	436	20	0	725	1160	567	1002	0.0	695
transcript_47_support_7_10_5.159797296570755e-33_13_(S,2864,1)	DAZ3|ENST00000315357	91.991	437	33	2	797	1232	495	930	3.63e-176	612
transcript_47_support_7_10_5.159797296570755e-33_13_(S,2864,1)	DAZ3|ENST00000315357	94.872	351	16	2	739	1088	653	1002	1.04e-156	547
transcript_47_support_7_10_5.159797296570755e-33_13_(S,2864,1)	DAZ3|ENST00000315357	91.781	365	28	2	869	1232	495	858	1.76e-144	507
transcript_47_support_7_10_5.159797296570755e-33_13_(S,2864,1)	DAZ3|ENST00000315357	93.836	292	18	0	725	1016	711	1002	1.81e-124	440
transcript_47_support_7_10_5.159797296570755e-33_13_(S,2864,1)	DAZ3|ENST00000315357	89.420	293	29	2	941	1232	495	786	8.66e-103	368
transcript_47_support_7_10_5.159797296570755e-33_13_(S,2864,1)	DAZ3|ENST00000315357	91.818	220	18	0	725	944	783	1002	1.92e-84	307
transcript_47_support_7_10_5.159797296570755e-33_13_(S,2864,1)	DAZ3|ENST00000315357	89.865	148	15	0	725	872	855	1002	2.01e-49	191
transcript_76_support_3_18_0.0_18_	DAZ3|ENST00000315357	96.004	1101	44	0	209	1309	1	1101	0.0	1790
transcript_76_support_3_18_0.0_18_	DAZ3|ENST00000315357	95.413	436	20	0	703	1138	567	1002	0.0	695
transcript_76_support_3_18_0.0_18_	DAZ3|ENST00000315357	91.991	437	33	2	775	1210	495	930	3.60e-176	612
transcript_76_support_3_18_0.0_18_	DAZ3|ENST00000315357	94.872	351	16	2	717	1066	653	1002	1.03e-156	547
transcript_76_support_3_18_0.0_18_	DAZ3|ENST00000315357	91.781	365	28	2	847	1210	495	858	1.75e-144	507
transcript_76_support_3_18_0.0_18_	DAZ3|ENST00000315357	93.836	292	18	0	703	994	711	1002	1.80e-124	440
transcript_76_support_3_18_0.0_18_	DAZ3|ENST00000315357	89.420	293	29	2	919	1210	495	786	8.61e-103	368
transcript_76_support_3_18_0.0_18_	DAZ3|ENST00000315357	91.818	220	18	0	703	922	783	1002	1.90e-84	307
transcript_76_support_3_18_0.0_18_	DAZ3|ENST00000315357	89.865	148	15	0	703	850	855	1002	2.00e-49	191
transcript_126_support_3_3_not_tested_3_	DAZ4|ENST00000440066	95.547	1235	55	0	1	1235	227	1461	0.0	1977
transcript_126_support_3_3_not_tested_3_	DAZ4|ENST00000440066	95.477	796	36	0	269	1064	567	1362	0.0	1271
transcript_126_support_3_3_not_tested_3_	DAZ4|ENST00000440066	92.597	797	57	2	341	1136	495	1290	0.0	1144
transcript_126_support_3_3_not_tested_3_	DAZ4|ENST00000440066	95.218	711	32	2	283	992	653	1362	0.0	1123
transcript_126_support_3_3_not_tested_3_	DAZ4|ENST00000440066	92.414	725	53	2	413	1136	495	1218	0.0	1033
transcript_126_support_3_3_not_tested_3_	DAZ4|ENST00000440066	95.092	652	32	0	269	920	711	1362	0.0	1027
transcript_126_support_3_3_not_tested_3_	DAZ4|ENST00000440066	91.884	653	51	2	485	1136	495	1146	0.0	911
transcript_126_support_3_3_not_tested_3_	DAZ4|ENST00000440066	95.230	566	27	0	283	848	797	1362	0.0	896
transcript_126_support_3_3_not_tested_3_	DAZ4|ENST00000440066	91.566	581	47	2	557	1136	495	1074	0.0	800
transcript_126_support_3_3_not_tested_3_	DAZ4|ENST00000440066	94.488	508	28	0	269	776	855	1362	0.0	784
transcript_126_support_3_3_not_tested_3_	DAZ4|ENST00000440066	91.552	509	41	2	629	1136	495	1002	0.0	701
transcript_126_support_3_3_not_tested_3_	DAZ4|ENST00000440066	94.037	436	26	0	269	704	927	1362	0.0	662
transcript_126_support_3_3_not_tested_3_	DAZ4|ENST00000440066	94.505	364	20	0	269	632	999	1362	3.59e-161	562
transcript_126_support_3_3_not_tested_3_	DAZ4|ENST00000440066	89.703	437	43	2	701	1136	495	930	1.67e-159	556
transcript_126_support_3_3_not_tested_3_	DAZ4|ENST00000440066	95.890	292	12	0	269	560	1071	1362	1.73e-134	473
transcript_126_support_3_3_not_tested_3_	DAZ4|ENST00000440066	89.315	365	37	2	773	1136	495	858	1.74e-129	457
transcript_126_support_3_3_not_tested_3_	DAZ4|ENST00000440066	88.737	293	31	2	845	1136	495	786	1.82e-99	357
transcript_126_support_3_3_not_tested_3_	DAZ4|ENST00000440066	93.636	220	14	0	269	488	1143	1362	3.97e-91	329
transcript_126_support_3_3_not_tested_3_	DAZ4|ENST00000440066	90.541	148	14	0	269	416	1215	1362	4.20e-51	196
transcript_220_support_3_6_not_tested_6_	DAZ3|ENST00000315357	95.691	905	39	0	1	905	197	1101	0.0	1456
transcript_220_support_3_6_not_tested_6_	DAZ3|ENST00000315357	95.413	436	20	0	299	734	567	1002	0.0	695
transcript_220_support_3_6_not_tested_6_	DAZ3|ENST00000315357	91.991	437	33	2	371	806	495	930	3.16e-176	612
transcript_220_support_3_6_not_tested_6_	DAZ3|ENST00000315357	94.872	351	16	2	313	662	653	1002	9.03e-157	547
transcript_220_support_3_6_not_tested_6_	DAZ3|ENST00000315357	91.781	365	28	2	443	806	495	858	1.53e-144	507
transcript_220_support_3_6_not_tested_6_	DAZ3|ENST00000315357	93.836	292	18	0	299	590	711	1002	1.58e-124	440
transcript_220_support_3_6_not_tested_6_	DAZ3|ENST00000315357	89.420	293	29	2	515	806	495	786	7.54e-103	368
transcript_220_support_3_6_not_tested_6_	DAZ3|ENST00000315357	91.818	220	18	0	299	518	783	1002	1.67e-84	307
transcript_220_support_3_6_not_tested_6_	DAZ3|ENST00000315357	89.865	148	15	0	299	446	855	1002	1.75e-49	191
transcript_81_support_2_5_1.479291832505672e-46_7_(S,2280,1);(S,2366,1)	DAZ2|ENST00000382433	97.222	756	21	0	3	758	922	1677	0.0	1280
transcript_81_support_2_5_1.479291832505672e-46_7_(S,2280,1);(S,2366,1)	DAZ2|ENST00000382433	95.903	659	27	0	1	659	848	1506	0.0	1068
transcript_81_support_2_5_1.479291832505672e-46_7_(S,2280,1);(S,2366,1)	DAZ2|ENST00000382433	95.434	657	30	0	3	659	778	1434	0.0	1048
transcript_81_support_2_5_1.479291832505672e-46_7_(S,2280,1);(S,2366,1)	DAZ2|ENST00000382433	95.296	659	31	0	1	659	704	1362	0.0	1046
transcript_81_support_2_5_1.479291832505672e-46_7_(S,2280,1);(S,2366,1)	DAZ2|ENST00000382433	94.689	659	35	0	1	659	632	1290	0.0	1024
transcript_81_support_2_5_1.479291832505672e-46_7_(S,2280,1);(S,2366,1)	DAZ2|ENST00000382433	93.020	659	46	0	1	659	560	1218	0.0	963
transcript_81_support_2_5_1.479291832505672e-46_7_(S,2280,1);(S,2366,1)	DAZ2|ENST00000382433	96.068	585	23	0	3	587	994	1578	0.0	953
transcript_81_support_2_5_1.479291832505672e-46_7_(S,2280,1);(S,2366,1)	DAZ2|ENST00000382433	92.025	652	52	0	8	659	495	1146	0.0	917
transcript_81_support_2_5_1.479291832505672e-46_7_(S,2280,1);(S,2366,1)	DAZ2|ENST00000382433	91.897	580	47	0	80	659	495	1074	0.0	811
transcript_81_support_2_5_1.479291832505672e-46_7_(S,2280,1);(S,2366,1)	DAZ2|ENST00000382433	95.127	513	25	0	3	515	1066	1578	0.0	809
transcript_81_support_2_5_1.479291832505672e-46_7_(S,2280,1);(S,2366,1)	DAZ2|ENST00000382433	95.711	443	19	0	1	443	1136	1578	0.0	713
transcript_81_support_2_5_1.479291832505672e-46_7_(S,2280,1);(S,2366,1)	DAZ2|ENST00000382433	91.535	508	43	0	152	659	495	1002	0.0	701
transcript_81_support_2_5_1.479291832505672e-46_7_(S,2280,1);(S,2366,1)	DAZ2|ENST00000382433	95.687	371	16	0	1	371	1208	1578	8.39e-172	597
transcript_81_support_2_5_1.479291832505672e-46_7_(S,2280,1);(S,2366,1)	DAZ2|ENST00000382433	89.679	436	45	0	224	659	495	930	1.42e-159	556
transcript_81_support_2_5_1.479291832505672e-46_7_(S,2280,1);(S,2366,1)	DAZ2|ENST00000382433	95.652	299	13	0	1	299	1280	1578	8.81e-137	481
transcript_81_support_2_5_1.479291832505672e-46_7_(S,2280,1);(S,2366,1)	DAZ2|ENST00000382433	89.286	364	39	0	296	659	495	858	1.48e-129	457
transcript_81_support_2_5_1.479291832505672e-46_7_(S,2280,1);(S,2366,1)	DAZ2|ENST00000382433	95.595	227	10	0	1	227	1352	1578	9.26e-102	364
transcript_81_support_2_5_1.479291832505672e-46_7_(S,2280,1);(S,2366,1)	DAZ2|ENST00000382433	88.699	292	33	0	368	659	495	786	1.55e-99	357
transcript_81_support_2_5_1.479291832505672e-46_7_(S,2280,1);(S,2366,1)	DAZ2|ENST00000382433	95.484	155	7	0	1	155	1424	1578	9.73e-67	248
transcript_81_support_2_5_1.479291832505672e-46_7_(S,2280,1);(S,2366,1)	DAZ2|ENST00000382433	95.181	83	4	0	1	83	1496	1578	1.02e-31	132
transcript_82_support_2_2_3.444681985858408e-17_7_(S,2280,1);(S,2366,1)	DAZ2|ENST00000382433	97.222	756	21	0	3	758	922	1677	0.0	1280
transcript_82_support_2_2_3.444681985858408e-17_7_(S,2280,1);(S,2366,1)	DAZ2|ENST00000382433	95.903	659	27	0	1	659	848	1506	0.0	1068
transcript_82_support_2_2_3.444681985858408e-17_7_(S,2280,1);(S,2366,1)	DAZ2|ENST00000382433	95.434	657	30	0	3	659	778	1434	0.0	1048
transcript_82_support_2_2_3.444681985858408e-17_7_(S,2280,1);(S,2366,1)	DAZ2|ENST00000382433	95.296	659	31	0	1	659	704	1362	0.0	1046
transcript_82_support_2_2_3.444681985858408e-17_7_(S,2280,1);(S,2366,1)	DAZ2|ENST00000382433	94.689	659	35	0	1	659	632	1290	0.0	1024
transcript_82_support_2_2_3.444681985858408e-17_7_(S,2280,1);(S,2366,1)	DAZ2|ENST00000382433	93.020	659	46	0	1	659	560	1218	0.0	963
transcript_82_support_2_2_3.444681985858408e-17_7_(S,2280,1);(S,2366,1)	DAZ2|ENST00000382433	96.068	585	23	0	3	587	994	1578	0.0	953
transcript_82_support_2_2_3.444681985858408e-17_7_(S,2280,1);(S,2366,1)	DAZ2|ENST00000382433	92.025	652	52	0	8	659	495	1146	0.0	917
transcript_82_support_2_2_3.444681985858408e-17_7_(S,2280,1);(S,2366,1)	DAZ2|ENST00000382433	91.897	580	47	0	80	659	495	1074	0.0	811
transcript_82_support_2_2_3.444681985858408e-17_7_(S,2280,1);(S,2366,1)	DAZ2|ENST00000382433	95.127	513	25	0	3	515	1066	1578	0.0	809
transcript_82_support_2_2_3.444681985858408e-17_7_(S,2280,1);(S,2366,1)	DAZ2|ENST00000382433	95.711	443	19	0	1	443	1136	1578	0.0	713
transcript_82_support_2_2_3.444681985858408e-17_7_(S,2280,1);(S,2366,1)	DAZ2|ENST00000382433	91.535	508	43	0	152	659	495	1002	0.0	701
transcript_82_support_2_2_3.444681985858408e-17_7_(S,2280,1);(S,2366,1)	DAZ2|ENST00000382433	95.687	371	16	0	1	371	1208	1578	8.39e-172	597
transcript_82_support_2_2_3.444681985858408e-17_7_(S,2280,1);(S,2366,1)	DAZ2|ENST00000382433	89.679	436	45	0	224	659	495	930	1.42e-159	556
transcript_82_support_2_2_3.444681985858408e-17_7_(S,2280,1);(S,2366,1)	DAZ2|ENST00000382433	95.652	299	13	0	1	299	1280	1578	8.81e-137	481
transcript_82_support_2_2_3.444681985858408e-17_7_(S,2280,1);(S,2366,1)	DAZ2|ENST00000382433	89.286	364	39	0	296	659	495	858	1.48e-129	457
transcript_82_support_2_2_3.444681985858408e-17_7_(S,2280,1);(S,2366,1)	DAZ2|ENST00000382433	95.595	227	10	0	1	227	1352	1578	9.26e-102	364
transcript_82_support_2_2_3.444681985858408e-17_7_(S,2280,1);(S,2366,1)	DAZ2|ENST00000382433	88.699	292	33	0	368	659	495	786	1.55e-99	357
transcript_82_support_2_2_3.444681985858408e-17_7_(S,2280,1);(S,2366,1)	DAZ2|ENST00000382433	95.484	155	7	0	1	155	1424	1578	9.73e-67	248
transcript_82_support_2_2_3.444681985858408e-17_7_(S,2280,1);(S,2366,1)	DAZ2|ENST00000382433	95.181	83	4	0	1	83	1496	1578	1.02e-31	132
transcript_22_support_3_2_2.3606339199956094e-24_11_(S,135,1);(S,170,1);(S,2049,1)	DAZ2|ENST00000382433	96.825	567	18	0	1	567	1111	1677	0.0	948
transcript_22_support_3_2_2.3606339199956094e-24_11_(S,135,1);(S,170,1);(S,2049,1)	DAZ2|ENST00000382433	94.872	468	24	0	1	468	1039	1506	0.0	732
transcript_22_support_3_2_2.3606339199956094e-24_11_(S,135,1);(S,170,1);(S,2049,1)	DAZ2|ENST00000382433	94.828	464	24	0	5	468	827	1290	0.0	725
transcript_22_support_3_2_2.3606339199956094e-24_11_(S,135,1);(S,170,1);(S,2049,1)	DAZ2|ENST00000382433	94.231	468	27	0	1	468	967	1434	0.0	715
transcript_22_support_3_2_2.3606339199956094e-24_11_(S,135,1);(S,170,1);(S,2049,1)	DAZ2|ENST00000382433	94.218	467	27	0	2	468	896	1362	0.0	713
transcript_22_support_3_2_2.3606339199956094e-24_11_(S,135,1);(S,170,1);(S,2049,1)	DAZ2|ENST00000382433	93.362	467	31	0	2	468	752	1218	0.0	691
transcript_22_support_3_2_2.3606339199956094e-24_11_(S,135,1);(S,170,1);(S,2049,1)	DAZ2|ENST00000382433	93.162	468	32	0	1	468	607	1074	0.0	688
transcript_22_support_3_2_2.3606339199956094e-24_11_(S,135,1);(S,170,1);(S,2049,1)	DAZ2|ENST00000382433	93.103	464	32	0	5	468	683	1146	0.0	680
transcript_22_support_3_2_2.3606339199956094e-24_11_(S,135,1);(S,170,1);(S,2049,1)	DAZ2|ENST00000382433	91.845	466	38	0	3	468	537	1002	0.0	651
transcript_22_support_3_2_2.3606339199956094e-24_11_(S,135,1);(S,170,1);(S,2049,1)	DAZ2|ENST00000382433	95.707	396	17	0	1	396	1183	1578	0.0	638
transcript_22_support_3_2_2.3606339199956094e-24_11_(S,135,1);(S,170,1);(S,2049,1)	DAZ2|ENST00000382433	88.303	436	51	0	33	468	495	930	1.34e-149	523
transcript_22_support_3_2_2.3606339199956094e-24_11_(S,135,1);(S,170,1);(S,2049,1)	DAZ2|ENST00000382433	95.062	324	16	0	1	324	1255	1578	1.04e-145	510
transcript_22_support_3_2_2.3606339199956094e-24_11_(S,135,1);(S,170,1);(S,2049,1)	DAZ2|ENST00000382433	87.912	364	44	0	105	468	495	858	3.01e-121	429
transcript_22_support_3_2_2.3606339199956094e-24_11_(S,135,1);(S,170,1);(S,2049,1)	DAZ2|ENST00000382433	96.032	252	10	0	1	252	1327	1578	1.09e-115	411
transcript_22_support_3_2_2.3606339199956094e-24_11_(S,135,1);(S,170,1);(S,2049,1)	DAZ2|ENST00000382433	87.329	292	37	0	177	468	495	786	6.75e-93	335
transcript_22_support_3_2_2.3606339199956094e-24_11_(S,135,1);(S,170,1);(S,2049,1)	DAZ2|ENST00000382433	97.222	180	5	0	1	180	1399	1578	5.29e-84	305
transcript_22_support_3_2_2.3606339199956094e-24_11_(S,135,1);(S,170,1);(S,2049,1)	DAZ2|ENST00000382433	93.519	108	7	0	1	108	1471	1578	1.21e-40	161
transcript_23_support_3_4_3.598959725463685e-50_11_(S,135,1);(S,170,1);(S,2049,1)	DAZ2|ENST00000382433	97.178	567	16	0	1	567	1111	1677	0.0	959
transcript_23_support_3_4_3.598959725463685e-50_11_(S,135,1);(S,170,1);(S,2049,1)	DAZ2|ENST00000382433	95.299	468	22	0	1	468	1039	1506	0.0	743
transcript_23_support_3_4_3.598959725463685e-50_11_(S,135,1);(S,170,1);(S,2049,1)	DAZ2|ENST00000382433	94.658	468	25	0	1	468	967	1434	0.0	726
transcript_23_support_3_4_3.598959725463685e-50_11_(S,135,1);(S,170,1);(S,2049,1)	DAZ2|ENST00000382433	94.397	464	26	0	5	468	827	1290	0.0	713
transcript_23_support_3_4_3.598959725463685e-50_11_(S,135,1);(S,170,1);(S,2049,1)	DAZ2|ENST00000382433	93.790	467	29	0	2	468	896	1362	0.0	702
transcript_23_support_3_4_3.598959725463685e-50_11_(S,135,1);(S,170,1);(S,2049,1)	DAZ2|ENST00000382433	93.534	464	30	0	5	468	683	1146	0.0	691
transcript_23_support_3_4_3.598959725463685e-50_11_(S,135,1);(S,170,1);(S,2049,1)	DAZ2|ENST00000382433	93.362	467	31	0	2	468	752	1218	0.0	691
transcript_23_support_3_4_3.598959725463685e-50_11_(S,135,1);(S,170,1);(S,2049,1)	DAZ2|ENST00000382433	93.162	468	32	0	1	468	607	1074	0.0	688
transcript_23_support_3_4_3.598959725463685e-50_11_(S,135,1);(S,170,1);(S,2049,1)	DAZ2|ENST00000382433	92.275	466	36	0	3	468	537	1002	0.0	662
transcript_23_support_3_4_3.598959725463685e-50_11_(S,135,1);(S,170,1);(S,2049,1)	DAZ2|ENST00000382433	96.212	396	15	0	1	396	1183	1578	0.0	649
transcript_23_support_3_4_3.598959725463685e-50_11_(S,135,1);(S,170,1);(S,2049,1)	DAZ2|ENST00000382433	88.761	436	49	0	33	468	495	930	6.20e-153	534
transcript_23_support_3_4_3.598959725463685e-50_11_(S,135,1);(S,170,1);(S,2049,1)	DAZ2|ENST00000382433	95.679	324	14	0	1	324	1255	1578	4.82e-149	521
transcript_23_support_3_4_3.598959725463685e-50_11_(S,135,1);(S,170,1);(S,2049,1)	DAZ2|ENST00000382433	87.912	364	44	0	105	468	495	858	3.01e-121	429
transcript_23_support_3_4_3.598959725463685e-50_11_(S,135,1);(S,170,1);(S,2049,1)	DAZ2|ENST00000382433	96.825	252	8	0	1	252	1327	1578	5.03e-119	422
transcript_23_support_3_4_3.598959725463685e-50_11_(S,135,1);(S,170,1);(S,2049,1)	DAZ2|ENST00000382433	87.329	292	37	0	177	468	495	786	6.75e-93	335
transcript_23_support_3_4_3.598959725463685e-50_11_(S,135,1);(S,170,1);(S,2049,1)	DAZ2|ENST00000382433	96.111	180	7	0	1	180	1399	1578	1.15e-80	294
transcript_23_support_3_4_3.598959725463685e-50_11_(S,135,1);(S,170,1);(S,2049,1)	DAZ2|ENST00000382433	93.519	108	7	0	1	108	1471	1578	1.21e-40	161
transcript_183_support_3_6_not_tested_6_	DAZ4|ENST00000440066	96.154	468	18	0	2	469	994	1461	0.0	765
transcript_183_support_3_6_not_tested_6_	DAZ4|ENST00000440066	93.243	370	25	0	1	370	849	1218	2.75e-156	545
transcript_183_support_3_6_not_tested_6_	DAZ4|ENST00000440066	92.954	369	26	0	2	370	922	1290	4.60e-154	538
transcript_183_support_3_6_not_tested_6_	DAZ4|ENST00000440066	91.892	370	30	0	1	370	705	1074	6.00e-148	518
transcript_183_support_3_6_not_tested_6_	DAZ4|ENST00000440066	91.870	369	30	0	2	370	778	1146	2.16e-147	516
transcript_183_support_3_6_not_tested_6_	DAZ4|ENST00000440066	91.622	370	31	0	1	370	633	1002	2.79e-146	512
transcript_183_support_3_6_not_tested_6_	DAZ4|ENST00000440066	94.613	297	16	0	2	298	1066	1362	1.03e-130	460
transcript_183_support_3_6_not_tested_6_	DAZ4|ENST00000440066	88.919	370	41	0	1	370	561	930	1.33e-129	457
transcript_183_support_3_6_not_tested_6_	DAZ4|ENST00000440066	87.945	365	42	2	7	370	495	858	2.89e-121	429
transcript_183_support_3_6_not_tested_6_	DAZ4|ENST00000440066	87.031	293	36	2	79	370	495	786	3.02e-91	329
transcript_183_support_3_6_not_tested_6_	DAZ4|ENST00000440066	92.444	225	17	0	2	226	1138	1362	5.05e-89	322
transcript_183_support_3_6_not_tested_6_	DAZ4|ENST00000440066	92.857	154	11	0	1	154	1209	1362	1.46e-59	224
transcript_183_support_3_6_not_tested_6_	DAZ4|ENST00000440066	95.122	82	4	0	1	82	1281	1362	3.28e-31	130
transcript_92_support_3_4_not_tested_4_	DAZ4|ENST00000440066	97.085	446	13	0	1	446	1016	1461	0.0	752
transcript_92_support_3_4_not_tested_4_	DAZ4|ENST00000440066	94.236	347	20	0	1	347	872	1218	7.63e-152	531
transcript_92_support_3_4_not_tested_4_	DAZ4|ENST00000440066	93.948	347	21	0	1	347	944	1290	3.55e-150	525
transcript_92_support_3_4_not_tested_4_	DAZ4|ENST00000440066	93.084	347	24	0	1	347	800	1146	3.58e-145	508
transcript_92_support_3_4_not_tested_4_	DAZ4|ENST00000440066	92.795	347	25	0	1	347	656	1002	1.66e-143	503
transcript_92_support_3_4_not_tested_4_	DAZ4|ENST00000440066	92.795	347	25	0	1	347	728	1074	1.66e-143	503
transcript_92_support_3_4_not_tested_4_	DAZ4|ENST00000440066	90.490	347	33	0	1	347	584	930	3.65e-130	459
transcript_92_support_3_4_not_tested_4_	DAZ4|ENST00000440066	96.000	275	11	0	1	275	1088	1362	7.91e-127	448
transcript_92_support_3_4_not_tested_4_	DAZ4|ENST00000440066	89.625	347	36	0	1	347	512	858	3.68e-125	442
transcript_92_support_3_4_not_tested_4_	DAZ4|ENST00000440066	88.737	293	31	2	56	347	495	786	1.37e-99	357
transcript_92_support_3_4_not_tested_4_	DAZ4|ENST00000440066	93.596	203	13	0	1	203	1160	1362	1.81e-83	303
transcript_92_support_3_4_not_tested_4_	DAZ4|ENST00000440066	94.656	131	7	0	1	131	1232	1362	1.89e-53	204
transcript_101_support_3_1_8.456373973448629e-26_2_(S,17,1);(S,1510,1);(S,1896,1);(S,1936,1);(S,2022,1);(D,2378,1)	DAZ3|ENST00000315357	97.837	416	9	0	5	420	686	1101	0.0	719
transcript_101_support_3_1_8.456373973448629e-26_2_(S,17,1);(S,1510,1);(S,1896,1);(S,1936,1);(S,2022,1);(D,2378,1)	DAZ3|ENST00000315357	94.099	322	18	1	1	321	609	930	4.61e-139	488
transcript_101_support_3_1_8.456373973448629e-26_2_(S,17,1);(S,1510,1);(S,1896,1);(S,1936,1);(S,2022,1);(D,2378,1)	DAZ3|ENST00000315357	92.857	322	22	1	1	321	537	858	2.16e-132	466
transcript_101_support_3_1_8.456373973448629e-26_2_(S,17,1);(S,1510,1);(S,1896,1);(S,1936,1);(S,2022,1);(D,2378,1)	DAZ3|ENST00000315357	94.800	250	12	1	1	249	753	1002	4.81e-109	388
transcript_101_support_3_1_8.456373973448629e-26_2_(S,17,1);(S,1510,1);(S,1896,1);(S,1936,1);(S,2022,1);(D,2378,1)	DAZ3|ENST00000315357	89.420	293	29	2	30	321	495	786	6.26e-103	368
transcript_101_support_3_1_8.456373973448629e-26_2_(S,17,1);(S,1510,1);(S,1896,1);(S,1936,1);(S,2022,1);(D,2378,1)	DAZ3|ENST00000315357	94.944	178	8	1	1	177	825	1002	1.09e-75	278
transcript_101_support_3_1_8.456373973448629e-26_2_(S,17,1);(S,1510,1);(S,1896,1);(S,1936,1);(S,2022,1);(D,2378,1)	DAZ3|ENST00000315357	94.340	106	5	1	1	105	897	1002	1.14e-40	161
transcript_198_support_3_1_2.1081833047437663e-19_2_(S,23,1);(S,1516,1);(S,1902,1);(S,1942,1);(S,2028,1);(D,2382,3)	DAZ4|ENST00000440066	97.585	414	10	0	1	414	1048	1461	0.0	710
transcript_198_support_3_1_2.1081833047437663e-19_2_(S,23,1);(S,1516,1);(S,1902,1);(S,1942,1);(S,2028,1);(D,2382,3)	DAZ4|ENST00000440066	94.603	315	17	0	1	315	904	1218	4.60e-139	488
transcript_198_support_3_1_2.1081833047437663e-19_2_(S,23,1);(S,1516,1);(S,1902,1);(S,1942,1);(S,2028,1);(D,2382,3)	DAZ4|ENST00000440066	93.651	315	20	0	1	315	688	1002	4.63e-134	472
transcript_198_support_3_1_2.1081833047437663e-19_2_(S,23,1);(S,1516,1);(S,1902,1);(S,1942,1);(S,2028,1);(D,2382,3)	DAZ4|ENST00000440066	93.651	315	20	0	1	315	832	1146	4.63e-134	472
transcript_198_support_3_1_2.1081833047437663e-19_2_(S,23,1);(S,1516,1);(S,1902,1);(S,1942,1);(S,2028,1);(D,2382,3)	DAZ4|ENST00000440066	93.333	315	21	0	1	315	976	1290	2.15e-132	466
transcript_198_support_3_1_2.1081833047437663e-19_2_(S,23,1);(S,1516,1);(S,1902,1);(S,1942,1);(S,2028,1);(D,2382,3)	DAZ4|ENST00000440066	93.016	315	22	0	1	315	760	1074	1.00e-130	460
transcript_198_support_3_1_2.1081833047437663e-19_2_(S,23,1);(S,1516,1);(S,1902,1);(S,1942,1);(S,2028,1);(D,2382,3)	DAZ4|ENST00000440066	90.794	315	29	0	1	315	616	930	4.73e-119	422
transcript_198_support_3_1_2.1081833047437663e-19_2_(S,23,1);(S,1516,1);(S,1902,1);(S,1942,1);(S,2028,1);(D,2382,3)	DAZ4|ENST00000440066	89.776	313	32	0	3	315	546	858	6.16e-113	401
transcript_198_support_3_1_2.1081833047437663e-19_2_(S,23,1);(S,1516,1);(S,1902,1);(S,1942,1);(S,2028,1);(D,2382,3)	DAZ4|ENST00000440066	95.473	243	11	0	1	243	1120	1362	4.79e-109	388
transcript_198_support_3_1_2.1081833047437663e-19_2_(S,23,1);(S,1516,1);(S,1902,1);(S,1942,1);(S,2028,1);(D,2382,3)	DAZ4|ENST00000440066	88.737	293	31	2	24	315	495	786	1.35e-99	357
transcript_198_support_3_1_2.1081833047437663e-19_2_(S,23,1);(S,1516,1);(S,1902,1);(S,1942,1);(S,2028,1);(D,2382,3)	DAZ4|ENST00000440066	93.567	171	11	0	1	171	1192	1362	5.07e-69	255
transcript_198_support_3_1_2.1081833047437663e-19_2_(S,23,1);(S,1516,1);(S,1902,1);(S,1942,1);(S,2028,1);(D,2382,3)	DAZ4|ENST00000440066	94.949	99	5	0	1	99	1264	1362	5.29e-39	156
transcript_8_support_5_10_not_tested_10_	DAZ4|ENST00000682740	97.222	324	9	0	1	324	1849	2172	2.00e-157	549
transcript_8_support_5_10_not_tested_10_	DAZ4|ENST00000682740	93.778	225	14	0	1	225	1633	1857	4.71e-94	339
transcript_8_support_5_10_not_tested_10_	DAZ4|ENST00000682740	93.778	225	14	0	1	225	1705	1929	4.71e-94	339
transcript_8_support_5_10_not_tested_10_	DAZ4|ENST00000682740	93.778	225	14	0	1	225	1777	2001	4.71e-94	339
transcript_8_support_5_10_not_tested_10_	DAZ4|ENST00000682740	93.333	225	15	0	1	225	1273	1497	2.19e-92	333
transcript_8_support_5_10_not_tested_10_	DAZ4|ENST00000682740	93.333	225	15	0	1	225	1345	1569	2.19e-92	333
transcript_8_support_5_10_not_tested_10_	DAZ4|ENST00000682740	93.333	225	15	0	1	225	1417	1641	2.19e-92	333
transcript_8_support_5_10_not_tested_10_	DAZ4|ENST00000682740	92.889	225	16	0	1	225	1489	1713	1.02e-90	327
transcript_8_support_5_10_not_tested_10_	DAZ4|ENST00000682740	92.444	225	17	0	1	225	1561	1785	4.75e-89	322
transcript_8_support_5_10_not_tested_10_	DAZ4|ENST00000682740	90.667	225	21	0	1	225	1201	1425	2.22e-82	300
transcript_8_support_5_10_not_tested_10_	DAZ4|ENST00000682740	90.222	225	22	0	1	225	1129	1353	1.03e-80	294
transcript_8_support_5_10_not_tested_10_	DAZ4|ENST00000682740	89.333	225	24	0	1	225	1057	1281	2.24e-77	283
transcript_8_support_5_10_not_tested_10_	DAZ4|ENST00000682740	94.771	153	8	0	1	153	1921	2073	4.92e-64	239
transcript_169_support_2_2_5.460237614544156e-06_3_(I,2247,1)	DAZ3|ENST00000315357	97.518	282	7	0	1	282	820	1101	2.02e-137	483
transcript_169_support_2_2_5.460237614544156e-06_3_(I,2247,1)	DAZ3|ENST00000315357	95.082	183	9	0	1	183	748	930	4.73e-79	289
transcript_169_support_2_2_5.460237614544156e-06_3_(I,2247,1)	DAZ3|ENST00000315357	94.536	183	10	0	1	183	676	858	2.20e-77	283
transcript_169_support_2_2_5.460237614544156e-06_3_(I,2247,1)	DAZ3|ENST00000315357	91.803	183	15	0	1	183	604	786	4.79e-69	255
transcript_169_support_2_2_5.460237614544156e-06_3_(I,2247,1)	DAZ3|ENST00000315357	91.892	111	9	0	1	111	892	1002	5.00e-39	156
transcript_170_support_2_1_0.001507624157542279_3_(D,2247,1)	DAZ3|ENST00000315357	97.518	282	7	0	1	282	820	1101	2.02e-137	483
transcript_170_support_2_1_0.001507624157542279_3_(D,2247,1)	DAZ3|ENST00000315357	95.082	183	9	0	1	183	748	930	4.72e-79	289
transcript_170_support_2_1_0.001507624157542279_3_(D,2247,1)	DAZ3|ENST00000315357	94.536	183	10	0	1	183	676	858	2.20e-77	283
transcript_170_support_2_1_0.001507624157542279_3_(D,2247,1)	DAZ3|ENST00000315357	91.803	183	15	0	1	183	604	786	4.79e-69	255
transcript_170_support_2_1_0.001507624157542279_3_(D,2247,1)	DAZ3|ENST00000315357	91.892	111	9	0	1	111	892	1002	5.00e-39	156
transcript_196_support_4_6_not_tested_6_	DAZ2|ENST00000449947	97.255	255	7	0	1	255	919	1173	2.04e-122	433
transcript_196_support_4_6_not_tested_6_	DAZ2|ENST00000449947	92.308	156	12	0	1	156	847	1002	4.80e-59	222
transcript_196_support_4_6_not_tested_6_	DAZ2|ENST00000449947	89.103	156	17	0	1	156	631	786	1.05e-50	195
transcript_196_support_4_6_not_tested_6_	DAZ2|ENST00000449947	89.103	156	17	0	1	156	775	930	1.05e-50	195
transcript_128_support_3_3_not_tested_3_	DAZ2|ENST00000449947	97.748	222	5	0	9	230	952	1173	2.06e-107	383
transcript_128_support_3_3_not_tested_3_	DAZ2|ENST00000449947	91.057	123	11	0	9	131	880	1002	2.25e-42	167
transcript_128_support_3_3_not_tested_3_	DAZ2|ENST00000449947	89.516	124	13	0	8	131	663	786	1.36e-39	158
transcript_128_support_3_3_not_tested_3_	DAZ2|ENST00000449947	89.431	123	13	0	9	131	808	930	4.88e-39	156
transcript_137_support_3_5_not_tested_5_	DAZ3|ENST00000315357	95.853	1037	43	0	230	1266	1	1037	0.0	1677
transcript_137_support_3_5_not_tested_5_	DAZ3|ENST00000315357	95.413	436	20	0	724	1159	567	1002	0.0	695
transcript_137_support_3_5_not_tested_5_	DAZ3|ENST00000315357	91.991	437	33	2	796	1231	495	930	1.68e-176	612
transcript_137_support_3_5_not_tested_5_	DAZ3|ENST00000315357	94.872	351	16	2	738	1087	653	1002	4.80e-157	547
transcript_137_support_3_5_not_tested_5_	DAZ3|ENST00000315357	91.781	365	28	2	868	1231	495	858	8.15e-145	507
transcript_137_support_3_5_not_tested_5_	DAZ3|ENST00000315357	93.836	292	18	0	724	1015	711	1002	8.38e-125	440
transcript_137_support_3_5_not_tested_5_	DAZ3|ENST00000315357	89.420	293	29	2	940	1231	495	786	4.01e-103	368
transcript_137_support_3_5_not_tested_5_	DAZ3|ENST00000315357	91.818	220	18	0	724	943	783	1002	8.87e-85	307
transcript_137_support_3_5_not_tested_5_	DAZ3|ENST00000315357	89.865	148	15	0	724	871	855	1002	9.32e-50	191
transcript_67_support_5_5_not_tested_5_	DAZ2|ENST00000449947	90.877	570	52	0	295	864	1	570	0.0	765
transcript_17_support_3_46_8.27520111274469e-60_53_(D,2692,8)	DAZ2|ENST00000449947	90.877	570	52	0	264	833	1	570	0.0	765
transcript_97_support_3_8_0.0073048903700783045_87_(I,2671,8)	DAZ2|ENST00000449947	90.877	570	52	0	240	809	1	570	0.0	765
transcript_31_support_3_1_0.0019515837026270715_9_(I,1312,8);(I,1936,7);(I,2391,6);(I,2672,8)	DAZ2|ENST00000449947	90.877	570	52	0	219	788	1	570	0.0	765
transcript_32_support_2_2_0.0002548988866465777_8_(I,1407,8);(D,2966,2);(D,2967,2)	DAZ2|ENST00000449947	90.877	570	52	0	219	788	1	570	0.0	765
transcript_42_support_3_5_0.0006400805180000873_47_(I,2433,4)	DAZ2|ENST00000449947	90.877	570	52	0	219	788	1	570	0.0	765
transcript_37_support_5_6_3.9424427744111965e-14_40_(S,2966,1)	DAZ2|ENST00000449947	90.877	570	52	0	219	788	1	570	0.0	765
transcript_38_support_3_8_9.045721093026931e-13_42_(D,2965,2)	DAZ2|ENST00000449947	90.877	570	52	0	219	788	1	570	0.0	765
transcript_40_support_33_43_not_tested_43_	DAZ2|ENST00000449947	90.877	570	52	0	219	788	1	570	0.0	765
transcript_101_support_7_7_not_tested_7_	DAZ2|ENST00000449947	90.877	570	52	0	14	583	1	570	0.0	765
transcript_72_support_3_3_not_tested_3_	DAZ2|ENST00000449947	90.909	473	43	0	1	473	98	570	0.0	636
transcript_140_support_3_3_8.089674631539974e-14_4_(D,2538,1)	DAZ2|ENST00000449947	90.476	378	36	0	1	378	193	570	2.28e-142	499
transcript_119_support_2_1_0.00012974315453905121_4_(D,2557,1)	DAZ2|ENST00000449947	89.972	359	36	0	1	359	212	570	8.27e-132	464
transcript_144_support_3_5_not_tested_5_	DAZ2|ENST00000449947	90.877	570	52	0	217	786	1	570	0.0	765
transcript_34_support_3_6_not_tested_6_	DAZ2|ENST00000449947	90.877	570	52	0	219	788	1	570	0.0	765
transcript_94_support_3_10_0.0_10_	DAZ2|ENST00000449947	90.877	570	52	0	240	809	1	570	0.0	765
transcript_30_support_4_10_0.0_10_	DAZ2|ENST00000449947	90.877	570	52	0	219	788	1	570	0.0	765
transcript_46_support_3_3_not_tested_3_	DAZ2|ENST00000449947	90.877	570	52	0	219	788	1	570	0.0	765
transcript_141_support_3_3_not_tested_3_	DAZ2|ENST00000449947	90.672	461	43	0	1	461	110	570	2.98e-177	614
transcript_1_support_6_5_6.683267077880363e-22_7_(I,8,1)	HSFY2|ENST00000382852	88.521	514	56	2	90	600	1	514	6.73e-179	619
transcript_0_support_2_2_5.608233789584709e-08_7_(D,8,1);(D,9,1)	HSFY2|ENST00000382852	88.521	514	56	2	88	598	1	514	6.72e-179	619
transcript_10_support_3_3_not_tested_3_	HSFY2|ENST00000344884	88.566	516	56	2	77	589	1	516	4.35e-180	623
transcript_11_support_2_4_not_tested_4_	HSFY2|ENST00000382852	88.499	513	56	2	95	604	1	513	1.80e-178	617
transcript_9_support_3_3_not_tested_3_	HSFY2|ENST00000344884	90.541	518	47	1	716	1233	516	1	0.0	684
transcript_6_support_4_4_not_tested_4_	HSFY2|ENST00000382852	92.199	141	11	0	3	143	141	1	5.39e-53	200
transcript_1_support_3_4_not_tested_4_	VCY:ENST00000250825	94.569	313	17	0	1	313	37	349	1.14e-138	484
transcript_13_support_3_3_not_tested_3_	VCY:ENST00000250825	96.296	189	7	0	1	189	161	349	1.49e-86	311
transcript_75_support_3_6_not_tested_6_	RBMY1B|ENST00000383020	97.477	436	7	2	1	436	1060	1491	0.0	741
transcript_71_support_3_3_1.768274155651839e-07_6_(S,326,1);(I,630,2)	RBMY1B|ENST00000383020	96.954	394	9	1	1	394	1101	1491	0.0	658
transcript_70_support_3_3_1.8371822187918925e-08_6_(S,326,1);(D,630,2)	RBMY1B|ENST00000383020	97.208	394	8	1	1	394	1101	1491	0.0	664
transcript_10_support_4_5_4.831601995517905e-14_8_(S,256,1)	RBMY1B|ENST00000383020	97.239	326	6	1	1	326	1169	1491	5.14e-158	549
transcript_69_support_2_3_4.5407990410002506e-05_8_(S,257,1)	RBMY1B|ENST00000383020	96.923	325	7	1	1	325	1170	1491	8.59e-156	542
transcript_79_support_3_10_not_tested_10_	RBMY1B|ENST00000383020	98.084	261	2	1	1	261	1234	1491	1.33e-128	451
transcript_58_support_3_1_3.639398564609127e-12_8_(S,108,1);(S,161,1);(S,264,1);(S,415,1);(I,465,2);(I,472,4)	RBMY1B|ENST00000383020	97.380	229	3	1	1	229	1266	1491	3.58e-109	387
transcript_60_support_8_6_7.838062316986112e-52_14_(S,58,1);(S,145,1);(S,248,1)	RBMY1B|ENST00000383020	98.253	229	1	1	1	229	1266	1491	1.65e-112	398
transcript_73_support_5_3_1.405702989345815e-24_14_(S,74,1);(S,161,1);(S,264,1)	RBMY1B|ENST00000383020	97.183	213	3	1	1	213	1282	1491	2.70e-100	357
transcript_4_support_5_7_1.7672360327100156e-20_14_(S,248,1)	RBMY1B|ENST00000383020	98.370	184	3	0	8	191	1308	1491	2.61e-90	324
transcript_81_support_5_12_not_tested_12_	RBMY1B|ENST00000383020	100.000	160	0	0	1	160	1332	1491	5.32e-82	296
transcript_40_support_6_8_3.312387665239027e-42_15_(S,341,1)	RBMY1B|ENST00000383020	100.000	102	0	0	1	102	1390	1491	7.98e-50	189
transcript_17_support_4_7_9.18422077473122e-37_15_(S,348,1)	RBMY1B|ENST00000383020	100.000	95	0	0	1	95	1397	1491	6.09e-46	176
transcript_74_support_2_5_1.0706469069408807e-12_11_(I,106,1)	RBMY1B|ENST00000383020	100.000	81	0	0	1	81	1411	1491	3.56e-38	150
transcript_2_support_5_6_4.56887575439709e-17_11_(D,117,1)	RBMY1B|ENST00000619219	100.000	70	0	0	1	70	1311	1380	4.47e-32	130
transcript_26_support_9_8_not_tested_8_	RBMY1J|ENST00000250831	97.122	1494	40	1	118	1611	1	1491	0.0	2518
transcript_26_support_9_8_not_tested_8_	RBMY1J|ENST00000250831	88.427	337	39	0	884	1220	656	992	1.05e-114	407
transcript_26_support_9_8_not_tested_8_	RBMY1J|ENST00000250831	90.164	122	12	0	773	894	989	1110	3.24e-40	159
transcript_26_support_9_8_not_tested_8_	RBMY1J|ENST00000250831	87.200	125	15	1	1106	1229	656	780	1.17e-34	141
transcript_31_support_6_5_1.5782885421345553e-12_8_(S,1797,1)	RBMY1J|ENST00000250831	97.122	1494	40	1	118	1611	1	1491	0.0	2518
transcript_31_support_6_5_1.5782885421345553e-12_8_(S,1797,1)	RBMY1J|ENST00000250831	88.724	337	38	0	773	1109	767	1103	2.25e-116	412
transcript_31_support_6_5_1.5782885421345553e-12_8_(S,1797,1)	RBMY1J|ENST00000250831	88.131	337	40	0	884	1220	656	992	4.87e-113	401
transcript_31_support_6_5_1.5782885421345553e-12_8_(S,1797,1)	RBMY1J|ENST00000250831	89.344	122	13	0	773	894	989	1110	1.51e-38	154
transcript_31_support_6_5_1.5782885421345553e-12_8_(S,1797,1)	RBMY1J|ENST00000250831	88.000	125	14	1	1106	1229	656	780	2.52e-36	147
transcript_32_support_2_3_2.2666251249819225e-05_8_(S,1797,1)	RBMY1J|ENST00000250831	97.122	1494	40	1	118	1611	1	1491	0.0	2518
transcript_32_support_2_3_2.2666251249819225e-05_8_(S,1797,1)	RBMY1J|ENST00000250831	88.724	337	38	0	773	1109	767	1103	2.25e-116	412
transcript_32_support_2_3_2.2666251249819225e-05_8_(S,1797,1)	RBMY1J|ENST00000250831	88.131	337	40	0	884	1220	656	992	4.87e-113	401
transcript_32_support_2_3_2.2666251249819225e-05_8_(S,1797,1)	RBMY1J|ENST00000250831	89.344	122	13	0	773	894	989	1110	1.51e-38	154
transcript_32_support_2_3_2.2666251249819225e-05_8_(S,1797,1)	RBMY1J|ENST00000250831	88.000	125	14	1	1106	1229	656	780	2.52e-36	147
transcript_23_support_3_2_2.4553327428652928e-17_5_(S,184,1);(S,1646,1)	RBMY1J|ENST00000250831	97.189	1494	39	1	113	1606	1	1491	0.0	2523
transcript_23_support_3_2_2.4553327428652928e-17_5_(S,184,1);(S,1646,1)	RBMY1J|ENST00000250831	88.724	337	38	0	768	1104	767	1103	2.25e-116	412
transcript_23_support_3_2_2.4553327428652928e-17_5_(S,184,1);(S,1646,1)	RBMY1J|ENST00000250831	88.131	337	40	0	879	1215	656	992	4.86e-113	401
transcript_23_support_3_2_2.4553327428652928e-17_5_(S,184,1);(S,1646,1)	RBMY1J|ENST00000250831	89.344	122	13	0	768	889	989	1110	1.50e-38	154
transcript_23_support_3_2_2.4553327428652928e-17_5_(S,184,1);(S,1646,1)	RBMY1J|ENST00000250831	88.000	125	14	1	1101	1224	656	780	2.51e-36	147
transcript_136_support_2_4_7.45642393126774e-12_6_(S,425,1)	RBMY1J|ENST00000250831	97.122	1494	40	1	87	1580	1	1491	0.0	2518
transcript_136_support_2_4_7.45642393126774e-12_6_(S,425,1)	RBMY1J|ENST00000250831	88.427	337	39	0	853	1189	656	992	1.03e-114	407
transcript_136_support_2_4_7.45642393126774e-12_6_(S,425,1)	RBMY1J|ENST00000250831	90.164	122	12	0	742	863	989	1110	3.19e-40	159
transcript_136_support_2_4_7.45642393126774e-12_6_(S,425,1)	RBMY1J|ENST00000250831	87.200	125	15	1	1075	1198	656	780	1.15e-34	141
transcript_137_support_2_2_0.004704810731684455_6_(S,425,1)	RBMY1J|ENST00000250831	97.189	1494	39	1	87	1580	1	1491	0.0	2523
transcript_137_support_2_2_0.004704810731684455_6_(S,425,1)	RBMY1J|ENST00000250831	88.427	337	39	0	853	1189	656	992	1.03e-114	407
transcript_137_support_2_2_0.004704810731684455_6_(S,425,1)	RBMY1J|ENST00000250831	90.164	122	12	0	742	863	989	1110	3.19e-40	159
transcript_137_support_2_2_0.004704810731684455_6_(S,425,1)	RBMY1J|ENST00000250831	87.200	125	15	1	1075	1198	656	780	1.15e-34	141
transcript_143_support_3_5_not_tested_5_	RBMY1F|ENST00000454978	97.397	1383	33	1	171	1553	1	1380	0.0	2351
transcript_143_support_3_5_not_tested_5_	RBMY1F|ENST00000454978	90.254	236	22	1	937	1171	656	891	1.06e-84	307
transcript_150_support_3_9_not_tested_9_	RBMY1F|ENST00000454978	97.397	1383	33	1	141	1523	1	1380	0.0	2351
transcript_150_support_3_9_not_tested_9_	RBMY1F|ENST00000454978	90.254	236	22	1	907	1141	656	891	1.04e-84	307
transcript_127_support_5_11_not_tested_11_	RBMY1F|ENST00000454978	97.182	1384	35	2	94	1477	1	1380	0.0	2337
transcript_127_support_5_11_not_tested_11_	RBMY1F|ENST00000454978	89.873	237	22	2	860	1095	656	891	1.31e-83	303
transcript_48_support_4_7_not_tested_7_	RBMY1F|ENST00000454978	95.948	617	22	1	1	617	767	1380	0.0	998
transcript_48_support_4_7_not_tested_7_	RBMY1F|ENST00000454978	90.254	236	22	1	1	235	656	891	5.12e-85	307
transcript_72_support_3_4_not_tested_4_	RBMY1B|ENST00000619219	96.383	470	14	1	1	470	914	1380	0.0	771
transcript_172_support_7_9_not_tested_9_	RBMY1B|ENST00000383020	97.039	439	10	1	5	443	1056	1491	0.0	736
transcript_1_support_3_5_4.0335853316745507e-13_13_(S,241,1)	RBMY1B|ENST00000619219	96.852	413	9	2	1	412	971	1380	0.0	688
transcript_189_support_5_8_1.423404959515089e-16_13_(S,257,1)	RBMY1B|ENST00000383020	96.970	396	9	1	1	396	1099	1491	0.0	662
transcript_25_support_4_14_0.0_14_	RBMY1B|ENST00000383020	97.035	371	8	1	1	371	1124	1491	1.16e-179	621
transcript_74_support_2_3_4.1742235522467116e-07_7_(S,223,1)	RBMY1B|ENST00000383020	96.802	344	8	1	1	344	1151	1491	1.13e-164	571
transcript_75_support_2_4_1.2117013089563727e-07_7_(S,223,1)	RBMY1B|ENST00000383020	97.093	344	7	1	1	344	1151	1491	2.43e-166	577
transcript_52_support_2_5_8.411644085637168e-40_12_(S,171,1);(S,205,1)	RBMY1B|ENST00000383020	96.626	326	8	1	1	326	1169	1491	1.11e-154	538
transcript_51_support_5_5_6.972570210079183e-39_12_(S,171,1);(S,205,1)	RBMY1B|ENST00000383020	96.626	326	8	1	1	326	1169	1491	1.11e-154	538
transcript_174_support_7_10_0.0_10_	RBMY1B|ENST00000383020	97.059	306	6	1	1	306	1189	1491	6.51e-147	512
transcript_79_support_3_2_2.766052158909212e-07_4_(I,136,1)	RBMY1B|ENST00000383020	97.241	290	4	2	2	291	1206	1491	1.07e-139	488
transcript_80_support_2_2_7.316676763529677e-08_4_(D,136,1)	RBMY1B|ENST00000383020	97.232	289	5	1	2	290	1206	1491	3.84e-139	486
transcript_206_support_2_16_not_tested_16_	RBMY1B|ENST00000383020	97.701	261	3	1	1	261	1234	1491	6.18e-127	446
transcript_185_support_3_22_2.448525619949001e-49_49_(S,71,1)	RBMY1B|ENST00000383020	97.845	232	2	1	1	232	1263	1491	1.66e-112	398
transcript_164_support_2_5_8.914291440878105e-15_22_(I,59,1)	RBMY1B|ENST00000383020	96.957	230	3	2	1	230	1266	1491	4.62e-108	383
transcript_9_support_2_1_6.211764766859693e-12_25_(S,158,1);(S,164,1);(I,265,3);(I,416,3);(S,447,1)	RBMY1B|ENST00000383020	97.807	228	2	1	1	228	1267	1491	2.76e-110	390
transcript_168_support_3_5_2.3798033362068416e-14_20_(S,500,1)	RBMY1B|ENST00000383020	97.345	226	3	1	1	226	1269	1491	1.65e-107	381
transcript_169_support_12_20_3.908709472797178e-39_27_(D,96,1)	RBMY1B|ENST00000383020	97.345	226	3	1	1	226	1269	1491	1.65e-107	381
transcript_179_support_3_7_6.577864765609162e-08_27_(I,105,1)	RBMY1B|ENST00000383020	96.789	218	3	2	1	218	1278	1491	2.11e-101	361
transcript_69_support_9_17_4.123379276526606e-55_22_(D,74,1)	RBMY1B|ENST00000383020	97.196	214	3	1	1	214	1281	1491	7.53e-101	359
transcript_41_support_4_13_5.880198576924582e-23_20_(D,37,1)	RBMY1B|ENST00000383020	96.923	195	3	1	1	195	1300	1491	2.64e-90	324
transcript_175_support_5_7_2.1676197289307632e-11_20_(I,40,1)	RBMY1B|ENST00000383020	97.838	185	3	1	9	193	1308	1491	1.22e-88	318
transcript_97_support_6_69_not_tested_69_	RBMY1B|ENST00000383020	97.887	142	3	0	1	142	1350	1491	5.19e-67	246
transcript_84_support_15_101_not_tested_101_	RBMY1B|ENST00000383020	97.500	80	2	0	1	80	1412	1491	2.75e-34	137
transcript_27_support_4_8_not_tested_8_	RBMY1A1|ENST00000439108	98.713	544	7	0	116	659	1	544	0.0	966
transcript_8_support_8_41_0.0_41_	RBMY1A1|ENST00000439108	98.716	545	7	0	118	662	1	545	0.0	968
transcript_16_support_9_41_0.0_41_	RBMY1A1|ENST00000439108	98.716	545	7	0	94	638	1	545	0.0	968
transcript_155_support_6_24_not_tested_24_	TSPY10|ENST00000428845	98.773	326	4	0	1	326	602	927	1.54e-167	580
transcript_152_support_2_6_3.185322103975176e-14_54_(S,166,1)	TSPY10|ENST00000428845	99.222	257	2	0	1	257	671	927	1.40e-132	464
transcript_153_support_2_51_not_tested_51_	TSPY10|ENST00000428845	98.833	257	3	0	1	257	671	927	6.50e-131	459
transcript_147_support_2_5_1.6891171991508135e-56_39_(S,201,1);(S,318,1);(I,374,2)	TSPY10|ENST00000428845	99.043	209	2	0	2	210	719	927	6.01e-106	375
transcript_34_support_5_1_1.4123342980861723e-10_39_(S,220,1);(S,337,1);(D,393,2)	TSPY10|ENST00000428845	98.953	191	2	0	1	191	737	927	5.77e-96	342
transcript_27_support_6_7_not_tested_7_	TSPY10|ENST00000428845	99.065	107	1	0	75	181	821	927	6.00e-51	193
transcript_4_support_2_48_not_tested_48_	TSPY10|ENST00000428845	100.000	117	0	0	1	117	811	927	2.87e-58	217
transcript_101_support_3_9_5.929692545531127e-06_266_(I,237,6)	TSPY10|ENST00000428845	98.969	97	1	0	1	97	831	927	1.66e-45	174
transcript_105_support_3_8_7.580405488460924e-06_261_(I,264,6)	TSPY10|ENST00000428845	98.969	97	1	0	1	97	831	927	1.66e-45	174
transcript_124_support_2_15_3.0390329651645617e-24_274_(I,161,3)	TSPY10|ENST00000428845	98.969	97	1	0	1	97	831	927	1.66e-45	174
transcript_110_support_88_260_not_tested_260_	TSPY10|ENST00000428845	98.969	97	1	0	1	97	831	927	1.65e-45	174
transcript_87_support_7_16_2.9847816059522753e-26_26_(D,161,3)	TSPY10|ENST00000428845	98.969	97	1	0	1	97	831	927	1.65e-45	174
transcript_89_support_2_5_1.5121188406494101e-09_15_(I,160,1)	TSPY10|ENST00000428845	98.969	97	1	0	1	97	831	927	1.65e-45	174
transcript_94_support_3_10_1.999457323305626e-26_24_(S,160,1)	TSPY10|ENST00000428845	98.969	97	1	0	1	97	831	927	1.65e-45	174
transcript_104_support_4_264_0.0_264_	TSPY10|ENST00000428845	98.969	97	1	0	1	97	831	927	1.53e-45	174
transcript_131_support_9_16_1.57123670551938e-98_120_(S,79,1);(S,196,1)	TSPY10|ENST00000428845	100.000	69	0	0	1	69	859	927	1.17e-31	128
transcript_137_support_29_123_0.0_128_(D,133,3)	TSPY10|ENST00000428845	100.000	69	0	0	1	69	859	927	1.17e-31	128
transcript_142_support_2_5_4.452241731363094e-11_128_(I,133,3)	TSPY10|ENST00000428845	100.000	69	0	0	1	69	859	927	1.15e-31	128
transcript_100_support_5_8_1.5857730679108007e-74_13_(S,107,1);(S,160,1)	TSPY10|ENST00000428845	98.969	97	1	0	1	97	831	927	1.28e-45	174
transcript_93_support_3_4_1.657755087512746e-25_20_(S,107,1);(S,160,1)	TSPY10|ENST00000428845	98.969	97	1	0	1	97	831	927	1.16e-45	174
transcript_96_support_10_15_3.404372343088876e-117_20_(S,107,1);(S,160,1)	TSPY10|ENST00000428845	98.969	97	1	0	1	97	831	927	1.13e-45	174
transcript_6_support_3_7_not_tested_7_	TSPY10|ENST00000428845	95.274	529	24	1	51	578	399	927	0.0	837
transcript_31_support_5_5_not_tested_5_	TSPY10|ENST00000428845	97.843	927	11	1	33	950	1	927	0.0	1592
transcript_47_support_4_9_2.828537241118994e-28_10_(S,928,1)	TSPY10|ENST00000428845	97.950	927	10	1	1	918	1	927	0.0	1598
transcript_43_support_3_10_3.5350199720961284e-17_31_(S,37,1)	TSPY10|ENST00000428845	97.735	927	12	1	1	918	1	927	0.0	1587
transcript_49_support_2_1_0.0045054391917424275_10_(S,928,1)	TSPY10|ENST00000428845	97.950	927	10	1	1	918	1	927	0.0	1598
transcript_51_support_12_29_2.0241487906036304e-68_49_(S,183,1)	TSPY10|ENST00000428845	97.950	927	10	1	1	918	1	927	0.0	1598
transcript_19_support_5_5_7.328995822284769e-65_10_(S,107,1);(S,420,1);(S,827,1);(S,928,1);(S,1045,1)	TSPY10|ENST00000428845	97.601	917	13	1	1	908	11	927	0.0	1563
transcript_21_support_4_20_1.4287155231264367e-48_49_(S,193,1)	TSPY10|ENST00000428845	97.819	917	11	1	1	908	11	927	0.0	1574
transcript_103_support_3_2_3.265067929149383e-25_26_(I,1,2);(S,895,1);(S,948,1);(S,1012,1);(S,1045,1)	TSPY10|ENST00000428845	97.905	907	10	1	2	899	21	927	0.0	1561
transcript_94_support_9_8_2.2548499794615217e-16_12_(D,1055,1)	TSPY10|ENST00000428845	97.984	893	9	1	2	885	35	927	0.0	1541
transcript_5_support_5_3_1.4029642850666232e-09_8_(S,144,1);(D,1055,1)	TSPY10|ENST00000428845	97.978	890	9	1	1	881	38	927	0.0	1535
transcript_27_support_5_4_4.524490128615505e-05_9_(D,1070,2)	TSPY10|ENST00000428845	98.064	878	8	1	1	869	50	927	0.0	1519
transcript_42_support_3_6_0.0_6_	TSPY10|ENST00000428845	97.941	923	10	1	3	916	5	927	0.0	1591
transcript_12_support_3_6_0.0_6_	TSPY10|ENST00000428845	98.009	904	9	1	3	897	24	927	0.0	1561
transcript_17_support_2_10_0.0_10_	TSPY10|ENST00000428845	98.116	743	5	1	1	734	185	927	0.0	1286
transcript_37_support_5_10_0.0_10_	TSPY10|ENST00000428845	98.069	725	5	1	1	716	203	927	0.0	1253
transcript_14_support_2_7_not_tested_7_	TSPY10|ENST00000428845	97.977	692	5	1	1	683	236	927	0.0	1192
transcript_92_support_2_5_not_tested_5_	TSPY2|ENST00000429039	98.935	657	7	0	1	657	10	666	0.0	1175
transcript_93_support_2_1_0.0003534799375034711_5_(D,84,1)	TSPY2|ENST00000429039	98.782	657	7	1	1	656	10	666	0.0	1168
transcript_13_support_3_2_2.0392142637795944e-05_6_(S,607,1)	TSPY10|ENST00000428845	99.332	599	4	0	1	599	329	927	0.0	1085
transcript_85_support_3_4_5.4159220541010895e-14_6_(S,609,1)	TSPY10|ENST00000428845	99.330	597	4	0	1	597	331	927	0.0	1081
transcript_39_support_3_6_not_tested_6_	TSPY10|ENST00000428845	99.286	560	4	0	1	560	368	927	0.0	1013
transcript_89_support_3_2_1.9776000151786333e-08_7_(S,10,1)	TSPY10|ENST00000428845	99.022	511	5	0	1	511	417	927	0.0	917
transcript_58_support_3_11_0.0_11_	TSPY10|ENST00000428845	99.057	424	4	0	86	509	504	927	0.0	761
transcript_58_support_3_11_0.0_11_	TSPY10|ENST00000428845	94.505	91	4	1	1	90	1	91	1.53e-34	139
transcript_96_support_2_5_3.709265875118687e-21_7_(S,13,1)	TSPY10|ENST00000428845	99.213	508	4	0	1	508	420	927	0.0	917
transcript_81_support_8_11_0.0_11_	TSPY10|ENST00000428845	99.057	424	4	0	67	490	504	927	0.0	761
transcript_71_support_3_4_3.6349720922545385e-29_14_(S,482,1);(S,599,1)	TSPY10|ENST00000428845	99.153	472	4	0	1	472	456	927	0.0	850
transcript_72_support_4_10_1.3632252782754716e-86_14_(S,482,1);(S,599,1)	TSPY10|ENST00000428845	99.153	472	4	0	1	472	456	927	0.0	850
transcript_56_support_3_5_not_tested_5_	TSPY10|ENST00000428845	98.901	364	4	0	87	450	564	927	0.0	651
transcript_56_support_3_5_not_tested_5_	TSPY10|ENST00000428845	96.667	90	3	0	1	90	1	90	6.48e-38	150
transcript_65_support_3_1_9.331326326121987e-06_11_(I,334,1)	TSPY10|ENST00000428845	96.896	451	4	1	1	451	487	927	0.0	747
transcript_64_support_7_10_4.5612356655391496e-05_11_(D,334,1);(D,335,1);(D,336,1);(D,337,3);(D,338,3);(D,339,3);(D,340,1);(D,341,1);(D,342,1);(D,343,1)	TSPY10|ENST00000428845	99.093	441	4	0	1	441	487	927	0.0	793
transcript_118_support_5_7_6.1926377663664375e-30_8_(I,1,1)	TSPY10|ENST00000428845	99.024	410	4	0	1	410	518	927	0.0	736
transcript_115_support_5_1_8.351336373233585e-05_8_(D,14,1)	TSPY10|ENST00000428845	98.987	395	4	0	2	396	533	927	0.0	708
transcript_113_support_3_15_0.0_15_	TSPY10|ENST00000428845	98.933	375	4	0	1	375	553	927	0.0	671
transcript_36_support_4_13_not_tested_13_	TSPY10|ENST00000428845	99.112	338	3	0	1	338	590	927	7.29e-176	608
transcript_302_support_3_8_not_tested_8_	VCY:ENST00000250825	95.702	349	15	0	63	411	1	349	8.60e-162	562
transcript_68_support_3_2_8.248546442344627e-09_7_(S,68,1)	VCY:ENST00000250825	95.702	349	15	0	143	491	1	349	8.48e-162	562
transcript_252_support_3_3_3.381857753347532e-08_6_(I,602,1)	VCY:ENST00000250825	95.702	349	15	0	129	477	1	349	8.34e-162	562
transcript_254_support_2_4_3.6381819741404974e-08_9_(D,601,1)	VCY:ENST00000250825	95.702	349	15	0	129	477	1	349	8.34e-162	562
transcript_251_support_4_3_5.469971155540689e-09_6_(D,602,1)	VCY:ENST00000250825	95.702	349	15	0	129	477	1	349	8.27e-162	562
transcript_440_support_3_3_4.759221511054053e-13_7_(S,23,1)	VCY:ENST00000250825	95.702	349	15	0	125	473	1	349	8.22e-162	562
transcript_37_support_3_2_1.8023763640072695e-20_6_(S,68,1);(I,101,1)	VCY:ENST00000250825	95.702	349	15	0	115	463	1	349	8.17e-162	562
transcript_250_support_2_6_not_tested_6_	VCY:ENST00000250825	95.415	349	16	0	129	477	1	349	3.72e-160	556
transcript_496_support_2_2_2.053057139913575e-21_5_(S,69,1);(S,329,1);(S,479,1);(S,569,1)	VCY:ENST00000250825	95.702	349	15	0	97	445	1	349	7.97e-162	562
transcript_497_support_3_1_6.071790290006587e-09_5_(S,69,1);(S,329,1);(S,479,1);(S,569,1)	VCY:ENST00000250825	95.989	349	14	0	97	445	1	349	1.71e-163	568
transcript_110_support_3_24_1.971201233859271e-96_44_(S,109,1);(S,115,1)	VCY:ENST00000250825	95.989	349	14	0	72	420	1	349	1.65e-163	568
transcript_301_support_9_16_1.8496529807556524e-73_44_(S,117,1);(S,123,1)	VCY:ENST00000250825	95.989	349	14	0	64	412	1	349	1.63e-163	568
transcript_340_support_3_18_2.6088741588997583e-67_122_(D,99,2);(S,432,1)	VCY:ENST00000250825	95.702	349	15	0	64	412	1	349	7.60e-162	562
transcript_4_support_3_3_1.5913450430043473e-11_33_(S,21,1);(S,282,1)	VCY:ENST00000250825	96.000	350	13	1	60	409	1	349	1.63e-163	568
transcript_315_support_7_7_1.3130505426205008e-242_17_(S,16,1);(S,25,1);(D,279,1);(S,341,1);(S,342,1);(S,424,1);(S,489,1);(S,491,1);(S,544,1);(S,582,1)	VCY:ENST00000250825	95.989	349	14	0	59	407	1	349	1.62e-163	568
transcript_332_support_2_2_2.01164148362489e-09_31_(D,99,2);(I,572,3)	VCY:ENST00000250825	95.702	349	15	0	64	412	1	349	7.54e-162	562
transcript_341_support_2_2_2.5198414126266774e-09_52_(I,357,3);(S,449,1)	VCY:ENST00000250825	95.714	350	14	1	64	413	1	349	7.54e-162	562
transcript_464_support_4_1_0.00012207230643925045_20_(I,21,1);(S,674,1)	VCY:ENST00000250825	95.714	350	14	1	57	406	1	349	7.53e-162	562
transcript_303_support_6_12_4.684774065908944e-63_63_(D,99,2);(S,437,1)	VCY:ENST00000250825	95.702	349	15	0	62	410	1	349	7.51e-162	562
transcript_317_support_2_2_1.1084858470370559e-06_75_(D,280,2);(S,666,1)	VCY:ENST00000250825	95.702	349	15	0	56	404	1	349	7.50e-162	562
transcript_100_support_9_14_3.524408298045418e-15_130_(I,84,2)	VCY:ENST00000250825	95.714	350	14	1	49	398	1	349	7.44e-162	562
transcript_129_support_2_5_3.4043499661410816e-11_30_(I,672,1)	VCY:ENST00000250825	95.714	350	14	1	50	399	1	349	7.44e-162	562
transcript_126_support_2_45_0.0_45_	VCY:ENST00000250825	95.702	349	15	0	50	398	1	349	7.43e-162	562
transcript_47_support_7_25_8.554129840486533e-66_30_(D,675,1)	VCY:ENST00000250825	95.714	350	14	1	47	396	1	349	7.42e-162	562
transcript_58_support_7_17_7.709714022151273e-50_22_(S,266,1)	VCY:ENST00000250825	95.989	349	14	0	47	395	1	349	1.59e-163	568
transcript_225_support_3_1_1.700335826740282e-10_3_(S,4,1);(I,13,1)	VCY:ENST00000250825	95.989	349	14	0	35	383	1	349	1.57e-163	568
transcript_246_support_3_4_0.00013676623716830783_14_(I,84,2)	VCY:ENST00000250825	95.726	351	13	2	34	384	1	349	2.02e-162	564
transcript_437_support_2_4_1.5026885301687735e-07_40_(I,506,1)	VCY:ENST00000250825	95.702	349	15	0	35	383	1	349	7.28e-162	562
transcript_439_support_3_2_2.1168360931613608e-19_3_(S,3,1);(D,12,1)	VCY:ENST00000250825	95.989	349	14	0	35	383	1	349	1.57e-163	568
transcript_222_support_3_9_2.3121053932854138e-07_50_(I,45,2)	VCY:ENST00000250825	95.429	350	15	1	34	383	1	349	3.38e-160	556
transcript_236_support_2_7_1.211634381328204e-07_11_(I,267,2)	VCY:ENST00000250825	95.714	350	14	1	34	383	1	349	7.27e-162	562
transcript_244_support_7_10_5.904955877162617e-15_14_(D,84,2)	VCY:ENST00000250825	95.714	350	14	1	34	383	1	349	7.27e-162	562
transcript_348_support_6_3_1.549000237098441e-08_18_(S,165,1);(I,359,3)	VCY:ENST00000250825	95.429	350	15	1	64	413	1	349	3.38e-160	556
transcript_175_support_6_13_6.113194501573434e-11_24_(D,279,1)	VCY:ENST00000250825	95.989	349	14	0	34	382	1	349	1.56e-163	568
transcript_185_support_29_89_7.542503386445617e-196_130_(S,421,1)	VCY:ENST00000250825	95.702	349	15	0	34	382	1	349	7.26e-162	562
transcript_188_support_15_36_2.147152415303084e-81_130_(S,506,1)	VCY:ENST00000250825	95.702	349	15	0	34	382	1	349	7.26e-162	562
transcript_224_support_12_41_3.8771605559184027e-53_50_(D,45,2)	VCY:ENST00000250825	95.415	349	16	0	34	382	1	349	3.38e-160	556
transcript_228_support_4_2_0.00024427665954661435_4_(D,76,2)	VCY:ENST00000250825	95.989	349	14	0	34	382	1	349	1.56e-163	568
transcript_339_support_3_15_5.854538213970544e-47_31_(S,558,1)	VCY:ENST00000250825	95.702	349	15	0	64	412	1	349	7.26e-162	562
transcript_344_support_3_9_4.884231820521938e-18_12_(D,342,1)	VCY:ENST00000250825	95.702	349	15	0	64	412	1	349	7.26e-162	562
transcript_347_support_6_8_3.315254716908756e-19_13_(S,296,1)	VCY:ENST00000250825	95.415	349	16	0	64	412	1	349	3.38e-160	556
transcript_491_support_2_4_3.174203339520599e-08_104_(I,475,1)	VCY:ENST00000250825	95.702	349	15	0	33	381	1	349	7.26e-162	562
transcript_533_support_5_5_1.1075162798533318e-10_13_(I,266,1)	VCY:ENST00000250825	95.714	350	14	1	32	381	1	349	7.25e-162	562
transcript_245_support_6_2_2.811895494202496e-12_7_(I,330,3);(I,476,1);(S,477,1);(I,568,2)	VCY:ENST00000250825	95.726	351	13	2	34	384	1	349	2.01e-162	564
transcript_427_support_3_1_8.304144812442655e-09_10_(I,38,1);(D,75,2);(I,409,1);(D,649,2)	VCY:ENST00000250825	95.429	350	15	1	28	377	1	349	3.36e-160	556
transcript_180_support_2_9_6.279890392180779e-12_101_(I,556,3)	VCY:ENST00000250825	95.702	349	15	0	34	382	1	349	7.20e-162	562
transcript_20_support_2_3_7.248555891818423e-20_8_(S,343,1);(S,544,1)	VCY:ENST00000250825	95.714	350	14	1	58	407	1	349	7.20e-162	562
transcript_226_support_3_8_1.1558451771446704e-25_43_(I,6,1)	VCY:ENST00000250825	95.702	349	15	0	35	383	1	349	7.20e-162	562
transcript_346_support_2_5_4.0137954149405097e-10_12_(I,166,1)	VCY:ENST00000250825	95.429	350	15	1	64	413	1	349	3.35e-160	556
transcript_177_support_9_41_2.45336777057144e-71_130_(S,421,1)	VCY:ENST00000250825	95.702	349	15	0	34	382	1	349	7.19e-162	562
transcript_181_support_5_9_2.4281938212775524e-25_106_(S,652,1)	VCY:ENST00000250825	95.702	349	15	0	34	382	1	349	7.19e-162	562
transcript_235_support_5_4_0.00038247327019374746_11_(D,267,2)	VCY:ENST00000250825	95.702	349	15	0	34	382	1	349	7.19e-162	562
transcript_237_support_4_6_4.9685477287289496e-08_15_(S,36,1)	VCY:ENST00000250825	95.415	349	16	0	34	382	1	349	3.35e-160	556
transcript_239_support_6_9_9.705415003908687e-14_15_(S,36,1)	VCY:ENST00000250825	95.129	349	17	0	34	382	1	349	1.56e-158	551
transcript_243_support_6_5_9.90715926634158e-77_10_(D,328,1);(I,330,3);(D,412,2);(S,532,1);(D,571,1)	VCY:ENST00000250825	95.989	349	14	0	34	382	1	349	1.55e-163	568
transcript_337_support_12_12_2.0145596155805917e-30_17_(S,343,1)	VCY:ENST00000250825	95.702	349	15	0	64	412	1	349	7.19e-162	562
transcript_345_support_4_2_8.046330171844413e-05_6_(S,165,1)	VCY:ENST00000250825	95.415	349	16	0	64	412	1	349	3.35e-160	556
transcript_349_support_5_5_2.716194623729663e-10_13_(S,296,1)	VCY:ENST00000250825	95.129	349	17	0	64	412	1	349	1.56e-158	551
transcript_498_support_2_1_0.005438002864374582_103_(D,9,2);(I,84,2)	VCY:ENST00000250825	95.714	350	14	1	25	374	1	349	7.16e-162	562
transcript_503_support_3_2_1.261939848213086e-05_4_(I,84,2)	VCY:ENST00000250825	96.000	350	13	1	26	375	1	349	1.54e-163	568
transcript_314_support_5_2_5.163816979802541e-09_4_(S,2,1);(I,5,3)	VCY:ENST00000250825	95.702	349	15	0	51	399	1	349	7.10e-162	562
transcript_89_support_2_2_0.00032955191432325055_28_(D,18,1)	VCY:ENST00000250825	95.702	349	15	0	48	396	1	349	7.07e-162	562
transcript_13_support_3_2_1.194907539659491e-10_14_(D,136,1);(S,267,1)	VCY:ENST00000250825	95.129	349	17	0	46	394	1	349	1.52e-158	551
transcript_99_support_6_3_0.0017372206879755251_12_(I,357,1)	VCY:ENST00000250825	95.714	350	14	1	49	398	1	349	7.03e-162	562
transcript_98_support_2_4_2.1074706144032867e-05_8_(D,344,3)	VCY:ENST00000250825	95.702	349	15	0	49	397	1	349	7.02e-162	562
transcript_249_support_6_6_not_tested_6_	VCY:ENST00000250825	95.129	349	17	0	129	477	1	349	1.51e-158	551
transcript_198_support_5_3_2.999204748435611e-07_10_(I,328,1)	VCY:ENST00000250825	95.442	351	14	2	34	384	1	349	8.98e-161	558
transcript_200_support_3_2_9.068678329940203e-07_19_(I,134,2);(I,329,3)	VCY:ENST00000250825	95.442	351	14	2	34	384	1	349	8.98e-161	558
transcript_199_support_6_7_7.654059933375205e-18_10_(D,328,1)	VCY:ENST00000250825	95.429	350	15	1	34	383	1	349	3.22e-160	556
transcript_203_support_3_3_0.00019270185628034243_18_(I,136,1)	VCY:ENST00000250825	95.429	350	15	1	34	383	1	349	3.22e-160	556
transcript_171_support_3_1_6.804401714624575e-06_8_(D,3,1);(D,4,1);(D,5,1);(I,84,2);(I,267,1)	VCY:ENST00000250825	95.170	352	14	3	31	382	1	349	4.16e-159	553
transcript_190_support_8_15_1.540682876338768e-43_20_(S,343,1)	VCY:ENST00000250825	95.702	349	15	0	34	382	1	349	6.92e-162	562
transcript_207_support_15_19_2.7947247070798307e-39_24_(D,327,1)	VCY:ENST00000250825	95.415	349	16	0	34	382	1	349	3.22e-160	556
transcript_521_support_2_3_7.501538619742659e-07_14_(S,264,1)	VCY:ENST00000250825	95.989	349	14	0	32	380	1	349	1.48e-163	568
transcript_526_support_7_10_6.754016292287173e-19_32_(S,528,1)	VCY:ENST00000250825	95.702	349	15	0	32	380	1	349	6.90e-162	562
transcript_205_support_9_5_2.7960655151906066e-07_24_(I,327,1)	VCY:ENST00000250825	95.429	350	15	1	34	383	1	349	3.19e-160	556
transcript_161_support_2_31_not_tested_31_	VCY:ENST00000250825	95.954	346	14	0	1	346	4	349	6.85e-162	562
transcript_456_support_6_17_not_tested_17_	VCY:ENST00000250825	95.702	349	15	0	8	356	1	349	6.63e-162	562
transcript_355_support_3_14_not_tested_14_	VCY:ENST00000250825	94.857	350	16	2	63	411	1	349	6.62e-157	545
transcript_450_support_3_3_not_tested_3_	VCY:ENST00000250825	95.253	316	15	0	1	316	34	349	1.44e-143	501
transcript_48_support_3_4_not_tested_4_	VCY:ENST00000250825	93.056	144	10	0	47	190	1	144	2.67e-56	211
transcript_48_support_3_4_not_tested_4_	VCY:ENST00000250825	94.068	118	5	1	192	307	232	349	2.71e-46	178
transcript_288_support_2_5_4.651148131928302e-08_12_(D,561,2);(D,562,1)	VCY:ENST00000250825	95.129	349	17	0	64	412	1	349	1.34e-158	551
transcript_297_support_4_86_not_tested_86_	VCY:ENST00000250825	95.129	349	17	0	64	412	1	349	1.34e-158	551
transcript_150_support_2_5_2.481473259829882e-21_20_(S,109,1);(D,563,1)	VCY:ENST00000250825	95.415	349	16	0	58	406	1	349	2.85e-160	556
transcript_145_support_5_2_9.502740203306528e-06_8_(I,563,1)	VCY:ENST00000250825	95.129	349	17	0	54	402	1	349	1.32e-158	551
transcript_51_support_6_7_1.2893797311675363e-15_91_(S,468,1)	VCY:ENST00000250825	95.415	349	16	0	47	395	1	349	2.82e-160	556
transcript_30_support_3_2_1.4946277588684318e-33_61_(I,86,1);(S,365,1);(S,382,1);(I,401,1);(I,402,2);(I,412,1);(I,415,1);(S,427,1);(S,444,1)	VCY:ENST00000250825	94.857	350	17	1	42	391	1	349	6.10e-157	545
transcript_209_support_5_15_1.5062482653280066e-40_96_(S,79,1)	VCY:ENST00000250825	95.415	349	16	0	34	382	1	349	2.75e-160	556
transcript_72_support_5_6_not_tested_6_	VCY:ENST00000250825	95.192	208	10	0	29	236	1	208	6.51e-92	329
transcript_261_support_3_4_not_tested_4_	VCY:ENST00000250825	86.819	349	17	1	62	381	1	349	6.38e-102	363
transcript_213_support_12_69_6.04190681342997e-151_72_(D,150,5)	VCY:ENST00000250825	95.129	349	17	0	34	382	1	349	1.27e-158	551
transcript_527_support_3_2_not_tested_2_	VCY:ENST00000250825	93.143	350	16	7	32	374	1	349	2.78e-145	507
transcript_504_support_3_3_0.0022670809541346696_72_(I,158,5)	VCY:ENST00000250825	94.857	350	17	1	26	375	1	349	5.88e-157	545
transcript_422_support_3_3_not_tested_3_	VCY:ENST00000250825	95.238	105	5	0	55	159	1	105	5.19e-43	167
transcript_284_support_3_5_not_tested_5_	VCY:ENST00000250825	94.258	209	11	1	64	272	1	208	1.34e-88	318
transcript_144_support_3_3_not_tested_3_	VCY:ENST00000250825	94.167	120	6	1	54	172	1	120	1.80e-47	182
transcript_9_support_3_11_not_tested_11_	VCY:ENST00000250825	95.982	224	7	2	2	223	126	349	5.95e-102	363
transcript_506_support_3_4_not_tested_4_	VCY:ENST00000250825	94.583	240	12	1	63	301	1	240	3.55e-104	370
transcript_220_support_3_4_not_tested_4_	VCY:ENST00000250825	95.614	228	10	0	34	261	1	228	4.20e-103	366
transcript_369_support_3_1_1.1938753197417979e-05_9_(S,47,1);(S,109,1)	VCY:ENST00000250825	97.619	168	4	0	1	168	182	349	9.09e-80	289
transcript_86_support_7_5_1.8493552313881302e-37_9_(S,52,1);(S,114,1)	VCY:ENST00000250825	96.933	163	5	0	1	163	187	349	2.52e-75	274
transcript_12_support_4_9_not_tested_9_	VCY:ENST00000250825	94.022	184	10	1	46	228	1	184	1.94e-76	278
transcript_479_support_3_5_not_tested_5_	VCY:ENST00000250825	97.354	189	5	0	1	189	161	349	8.65e-90	322
transcript_474_support_2_1_0.000408648997429847_3_(I,88,3)	VCY:ENST00000250825	96.479	142	4	1	1	142	209	349	3.76e-63	233
transcript_473_support_3_2_4.1754778391715615e-08_3_(D,88,3)	VCY:ENST00000250825	96.454	141	5	0	1	141	209	349	3.75e-63	233
transcript_365_support_3_8_not_tested_8_	VCY:ENST00000250825	96.226	106	4	0	1	106	244	349	2.27e-45	174
